7.130043466965826582e+00
4.143391975010582762e+00
6.630341613587858340e+00
6.272778735114219018e+00
4.965795474973930368e+00
3.130057092532732010e+00
5.579041024514117098e+00
7.447596327880908085e+00
5.404930231780930683e+00
6.697678480968820125e+00
6.230752940415368535e+00
5.784928931232881766e+00
8.156603228394118332e+00
6.953678587287646096e+00
3.878220163180829072e+00
3.464997014718553370e+00
6.882131206488462993e+00
8.019705930581327635e+00
7.865069891814632896e+00
7.880085169723664684e+00
7.476595099325391125e+00
4.042616810000923877e+00
9.252121381796072797e+00
4.350911353718251995e+00
4.979246042452281529e+00
7.567044160929325969e+00
6.490982144116109076e+00
2.923723368939115996e+00
5.777565537590902522e+00
6.105573460939896613e+00
4.031547943925402500e+00
5.766633738030083833e+00
6.934872941204780261e+00
8.296061770549560066e+00
3.477216760441981691e+00
5.411588086134888620e+00
8.054426209800270797e+00
5.166517431507604563e+00
7.582415988426208564e+00
6.641625161764832086e+00
8.320785128606459580e+00
7.752567592220724002e+00
8.621090166270731103e+00
6.719254129859761449e+00
5.290496707234443541e+00
7.729610936099955865e+00
7.910368306008382255e+00
8.225468158762833326e+00
8.765163295510665975e+00
3.364111530987440979e+00
5.911931114431850709e+00
6.542694692366385567e+00
4.050140017605643017e+00
3.089998430829547615e+00
7.079858645098087599e+00
7.787728337831844705e+00
8.433253524590062611e+00
5.935410817724095622e+00
8.647595013618106563e+00
5.605265008258901283e+00
8.743014007394021903e+00
5.133767754138396811e+00
9.444976185624403442e+00
4.734269938876437323e+00
6.169694736645157107e+00
5.373494154674189005e+00
8.196784193716279532e+00
3.717925398490867561e+00
6.306065600916867631e+00
5.332889338834685411e+00
4.612337192066177316e+00
6.404272581675705567e+00
5.351020997637689902e+00
5.592241877669131611e+00
7.431012222689358460e+00
6.419115992831301298e+00
3.951722587549236554e+00
4.542397787813882815e+00
7.905125456609797929e+00
6.199266396164503590e+00
6.249657389037966304e+00
3.416371909139503948e+00
1.030052940515251869e+01
6.623858974996092108e+00
7.250059505807518789e+00
3.363323163352573975e+00
7.966621431611332405e+00
5.083754823101951814e+00
4.944886042945848104e+00
7.466322779260169185e+00
8.615824561420751593e+00
4.231603193917922390e+00
1.037250699564514811e+01
9.576953321982525580e+00
5.978234600551429523e+00
3.776325347612794925e+00
6.523845929846540770e+00
6.830870772449127770e+00
5.605644752032041822e+00
6.449732699521786294e+00
5.635200624562354044e+00
7.578725091484034060e+00
4.638368680520499332e+00
8.168607147690492454e+00
4.203298062810397084e+00
7.432707795697537811e+00
4.504420811763836241e+00
4.391324774083565252e+00
7.147238085825495801e+00
6.744917237700821744e+00
3.438572671321101115e+00
3.130828050928300854e+00
4.726777935419169907e+00
9.514828868079996838e+00
8.925640468287690865e+00
6.154584527809782379e+00
4.719325489022991427e+00
4.097613753850965601e+00
6.308757165128968225e+00
3.449072088955815296e+00
8.213032311888396109e+00
3.156178914295279636e+00
8.032046444917295247e+00
1.073085417135415298e+01
5.095764229863309680e+00
1.025367456306665126e+01
7.014723959036131440e+00
3.927689057079806201e+00
3.425666770361311286e+00
8.880373602140560152e+00
3.709958024082527839e+00
3.660614221559238768e+00
9.132772575905281798e+00
8.333009793007922994e+00
4.706859760906631607e+00
4.829186072033449406e+00
3.852900835403241686e+00
9.999902365825006356e+00
8.404652521652206332e+00
5.531351562264247512e+00
8.147221631215129989e+00
6.678344324780765007e+00
7.058200373840056940e+00
7.901310088590848046e+00
5.223351925157003528e+00
3.800491725013747768e+00
6.037685253579160971e+00
6.360068179982187431e+00
3.939317151012876828e+00
3.268409629272241546e+00
8.060319688491899726e+00
8.587232595556089976e+00
7.270645611835648836e+00
9.560635314812584440e+00
6.097459642690573389e+00
4.131755123605546309e+00
1.232377011883332685e+01
9.093632757406629352e+00
8.486833618891200359e+00
5.284267346974576895e+00
7.114448498434520651e+00
7.074952773349471258e+00
7.318128511557357108e+00
5.105295144437866028e+00
5.378192032603187123e+00
7.097305238423128770e+00
4.051757717332558073e+00
1.182408476345939796e+01
7.480221112876161094e+00
1.008831992735917460e+01
7.688165066092889077e+00
7.943661111119640239e+00
4.479908083193854473e+00
7.304157474914733328e+00
4.346356225138466201e+00
7.252230618365340220e+00
5.329605291699397895e+00
5.572744553979425142e+00
8.747925195766429241e+00
9.844917025345754524e+00
3.414257488869894885e+00
7.992144261686718210e+00
9.926433395000543669e+00
3.123044604940916624e+00
9.156393429054499933e+00
6.172520427199809312e+00
4.402719018135200280e+00
6.724583292732249973e+00
7.731420262459834269e+00
5.468559458123031902e+00
8.201155189012308000e+00
7.114593205846924562e+00
5.588922725546995984e+00
6.131378684961894088e+00
8.713090667013045021e+00
8.775169696927973106e+00
5.568945365121794389e+00
5.782213822570390072e+00
3.715052525949322781e+00
7.014105488847941494e+00
8.780506852058199030e+00
6.694452403884495695e+00
8.787552033662688444e+00
8.715340087594068308e+00
6.223446717937751949e+00
7.103331444000983375e+00
7.941829204670180609e+00
5.980916259214507313e+00
8.495885402647292750e+00
6.017329911908572804e+00
8.233241397311221732e+00
3.238859488080614746e+00
5.232364588826583507e+00
6.668423823944935158e+00
8.436779144091934413e+00
6.768940060953739568e+00
5.891449817172845549e+00
5.667394106968198564e+00
6.906724357836543149e+00
5.091685888383299385e+00
7.547010353990534881e+00
5.266646559435044672e+00
9.149991067174633841e+00
9.265248778144306030e+00
4.205859907363816319e+00
1.025663793676783797e+01
4.637797176114286657e+00
6.910193632298243571e+00
5.304986120129531635e+00
4.130448409469998694e+00
5.552511553204468875e+00
6.632322789027464971e+00
9.142472377502965486e+00
4.761893037342034063e+00
7.275828620549433801e+00
3.935963056687605821e+00
4.256227404760115185e+00
3.738381873927691945e+00
6.923899980225532325e+00
7.601291338436124256e+00
5.593896168980625916e+00
3.170428743925696402e+00
5.510614574413781774e+00
5.953411635672327229e+00
3.447424728633025737e+00
5.760945045768502304e+00
7.352456803894124704e+00
9.191460533538030830e+00
4.613622284067702140e+00
7.757497055221716842e+00
8.173300035589758039e+00
9.480299646770635746e+00
5.323036104989860462e+00
9.474612859979457014e+00
4.406371038056412281e+00
5.282653916272058048e+00
8.501426264548202383e+00
7.711149578165077401e+00
5.745782461548039066e+00
5.225721613679809252e+00
4.022385424993436764e+00
1.048788699735057683e+01
8.369277142723188234e+00
5.233238114009801656e+00
5.730849883509131715e+00
6.639144894357771776e+00
7.431300070007599068e+00
8.588695941094091069e+00
6.872255210523304569e+00
6.535794196285746871e+00
5.700002053934619894e+00
3.595559373266583147e+00
5.398135638414022885e+00
6.877834619601398636e+00
5.691137604441325770e+00
5.360164578961859938e+00
8.624049137473930315e+00
5.347175462577202332e+00
5.625109132809896550e+00
8.657015993879845439e+00
6.620549660139035453e+00
6.613623136238453881e+00
4.987408588031764900e+00
6.940041088670020564e+00
4.668257786664886666e+00
5.213182593216186156e+00
5.851169719636438060e+00
6.649508467848357363e+00
7.885858547154020570e+00
4.452228703309671687e+00
4.459098814878521111e+00
8.604113580360957414e+00
6.231317805689276845e+00
7.970876886340654721e+00
6.393214107803737001e+00
4.608576785927305686e+00
7.388073034133543437e+00
5.075973543966107115e+00
6.904152198127756712e+00
7.839420643859861926e+00
6.303213142323992102e+00
4.641429964809351993e+00
4.994635080723227816e+00
3.694457712590507814e+00
5.686611472040161708e+00
3.246133332212558731e+00
4.934423111258993799e+00
8.163662713330971599e+00
6.505397170925824923e+00
6.373895019329205880e+00
3.970556264565499482e+00
4.412732460777763599e+00
6.476333714656271390e+00
4.889158160332799596e+00
6.268137270859803323e+00
7.707592220850252751e+00
4.699250857535456127e+00
6.997141218686056874e+00
6.412231046646158283e+00
5.668657647222377527e+00
7.348381978407038773e+00
8.620215656373375168e+00
7.535049919813782360e+00
5.323635132273874859e+00
5.817206665334706095e+00
8.339440468938015272e+00
7.210081340459902677e+00
7.263827976170660783e+00
7.542852429041303708e+00
1.306273047968187484e+01
6.655999622204228139e+00
4.880285723351943439e+00
6.441303644506204407e+00
6.547195424788962548e+00
3.237235894786903767e+00
8.562639343907171963e+00
5.025079668357144591e+00
4.000756350832308073e+00
9.241533070411055206e+00
3.859737534865659736e+00
5.955176875856968977e+00
4.408751643341960680e+00
5.845677852774468164e+00
4.198252683511409344e+00
4.720034202425255287e+00
3.303886326577388566e+00
7.567156350038490409e+00
8.325833960343715034e+00
6.704988074581155644e+00
7.974691653735345831e+00
7.327059361836163021e+00
6.559130550969951123e+00
7.124007184528966086e+00
7.815831452854945738e+00
6.766030437721313184e+00
9.237685025359374080e+00
7.417151123870708851e+00
5.101663096772328210e+00
6.988514624024385391e+00
7.697139703771370023e+00
3.581534009454845791e+00
6.263080844399972591e+00
5.521591918644050523e+00
3.613381007415036983e+00
9.831831476525303870e+00
6.758321386313806300e+00
6.328514160764793672e+00
7.588644082652188594e+00
4.435165503454218339e+00
7.486119305651975253e+00
8.508560810396591734e+00
5.999610064388025243e+00
5.669503515377440017e+00
9.222235696189253318e+00
4.871849024086810864e+00
6.677913916684122597e+00
1.009004148235570675e+01
7.906781418273634898e+00
7.119748049119742461e+00
7.520153093603285654e+00
5.342565491190495841e+00
8.234408113575046428e+00
3.925755444385128357e+00
4.218429804176029307e+00
9.540067714426033518e+00
6.542637812191362201e+00
7.729258049873769743e+00
6.276005027366742262e+00
9.025016090882436615e+00
5.565706593911478706e+00
6.683817173206539231e+00
7.651838635951224710e+00
7.078053400093757830e+00
4.088228816500691920e+00
8.768447515110523227e+00
3.913714716162335794e+00
4.889294587168221184e+00
7.700677935345787262e+00
4.664537652597106288e+00
5.135586033555016527e+00
8.296313251910826025e+00
8.990888886487608644e+00
6.203026676420288155e+00
5.730564280854951065e+00
5.940454367967451077e+00
5.208194036067317789e+00
6.366794184307401849e+00
6.552260082941273822e+00
7.738232250421360092e+00
5.824339658932906616e+00
6.567061975209985469e+00
7.617337725517641545e+00
5.917169933442890439e+00
8.706176383885239289e+00
3.146355999251371660e+00
4.171058501636919935e+00
7.027127134902374728e+00
8.441537471434216400e+00
9.225092910462485918e+00
9.400561452695926690e+00
6.622444697209276754e+00
7.660849607313983789e+00
6.788713296485985538e+00
7.158145354747950329e+00
4.574493207781602067e+00
7.462970842700404894e+00
3.824016609147069534e+00
3.688834921144059198e+00
3.672240485009770072e+00
9.079332398727245845e+00
7.324603294631958583e+00
5.500723020467209068e+00
6.533627929242612709e+00
7.253930156159052345e+00
4.004013918085870039e+00
7.691427489643744231e+00
5.093686062862462727e+00
7.640134236134128898e+00
7.879414965669063520e+00
3.962575082440397356e+00
6.432082227786173334e+00
6.430732289125788981e+00
6.272824723499812016e+00
6.527453830993296791e+00
5.301342752717002504e+00
5.214094607251713143e+00
9.152355861573276741e+00
7.934345313376045539e+00
4.030041038531082087e+00
8.176404276450416120e+00
9.562999693621671682e+00
5.954461493608751432e+00
7.508335414515796558e+00
5.461640001795427857e+00
4.242948361373852784e+00
3.995807079205902390e+00
6.415901638232837101e+00
3.884387716082966957e+00
6.023961228005449087e+00
8.651996102017788459e+00
9.781595983969861408e+00
7.148086385766730722e+00
8.461067007351207536e+00
5.511271021609850607e+00
7.276632724942807329e+00
4.326871576610407999e+00
5.796677817598392402e+00
8.102715498422503160e+00
5.484338466968582182e+00
7.281980487935697077e+00
9.105258247382170822e+00
5.957295860662108922e+00
7.779389008611146572e+00
9.174670028630664831e+00
9.213976016752747356e+00
6.231238359910182822e+00
9.513840933779370346e+00
4.024421372212832360e+00
6.840835657930315783e+00
6.303851588483367685e+00
8.012178269196750691e+00
7.993493610798918070e+00
8.941022006062629757e+00
7.901739754164077922e+00
8.171833457796470412e+00
9.092708246517810622e+00
3.486236009276684200e+00
4.937572320696273387e+00
6.576008033010470655e+00
3.577551260946907341e+00
6.938005361978273555e+00
4.270129841832016382e+00
8.962518999137568443e+00
5.612775350254520568e+00
6.772305802107579709e+00
5.169370791768893802e+00
8.818109192406149432e+00
5.830791998409983634e+00
9.524865382926623880e+00
7.151458442388725523e+00
6.412450498645727137e+00
5.636277173196408086e+00
6.727499565927126390e+00
5.629092628762611739e+00
4.586985213284259011e+00
6.921131226726488173e+00
3.520631054539207661e+00
1.030505491567231857e+01
5.650686184004557688e+00
4.703791867716077491e+00
6.182363859008677132e+00
5.631616388082107960e+00
5.221801661127808636e+00
4.050098091433553371e+00
9.646303378316865462e+00
4.173882819578127013e+00
6.549279089355657391e+00
9.135124049120690870e+00
9.541287516219442821e+00
6.564334657305069598e+00
4.623162619596068446e+00
7.531804851911821252e+00
4.130168131803570120e+00
6.014272699075181805e+00
8.210933641600313138e+00
6.533807924072699613e+00
4.773186723395962616e+00
4.835562746405253520e+00
8.602260103410396042e+00
6.446108107843221191e+00
7.331431034188030438e+00
5.645879881725129223e+00
6.883634346973755314e+00
9.207313970588586471e+00
6.873223832024674351e+00
4.938246548995402385e+00
6.011162544390701967e+00
7.080365095457377578e+00
3.673263978363769500e+00
6.231379711535431909e+00
5.609358105283605234e+00
8.900463903801712817e+00
6.917215116493104610e+00
5.555359009491097844e+00
9.070887768763444825e+00
7.556437274433845275e+00
9.401563871778106929e+00
8.284806371653790080e+00
6.784875851094529509e+00
4.912636469634783509e+00
3.387676959709467361e+00
6.677554627251882202e+00
4.758073100672373990e+00
6.668789459682000320e+00
1.067459558087210958e+01
1.239493921713794755e+01
5.362780761769441185e+00
3.828333530003907192e+00
5.488068943179781556e+00
9.470474755915487819e+00
8.398053031899850751e+00
6.174963645899639531e+00
4.338384085652691624e+00
8.772776283559634791e+00
7.836954007683469392e+00
3.381326081884377110e+00
6.319187418112011123e+00
4.946995864014358979e+00
5.922737080349212313e+00
1.002480326923972420e+01
4.675818515857288027e+00
6.907316293588290357e+00
8.505394961485931660e+00
3.217581799620714111e+00
7.228532705587471519e+00
5.992920034830503617e+00
4.125749583631657558e+00
4.496367758956974825e+00
9.236490070223407400e+00
1.018477167271379891e+01
8.017762702808235886e+00
6.147257219724528099e+00
4.349238906533807736e+00
8.259567319169871524e+00
3.366111053816393639e+00
5.275193085686423089e+00
6.629702665737277734e+00
5.209611448708248105e+00
1.006924140025362568e+01
5.598264309102866321e+00
3.341231352863436754e+00
5.265691220833237374e+00
7.582604786967229060e+00
5.205238124460366933e+00
4.009306111841492104e+00
3.582130533322914978e+00
4.507889640021623734e+00
5.529282374402344935e+00
6.280827823603194915e+00
9.150582875976208896e+00
4.534608723930509733e+00
8.479216417492484226e+00
3.334850014652126937e+00
8.195618155905849633e+00
7.184169428772629651e+00
7.318986031089679933e+00
8.242269040035628436e+00
8.616020200634554982e+00
7.969364552055802520e+00
7.777818439647580462e+00
5.643772183211815729e+00
4.337083534171930488e+00
6.401653552347791987e+00
4.176390277608649448e+00
4.066210185475792827e+00
3.840407348070435933e+00
6.866455618594113020e+00
3.687870063917840557e+00
3.868994181334876270e+00
6.785104118527658379e+00
5.960851485803313032e+00
6.784886476461606364e+00
6.104126189013096671e+00
7.755560136332428911e+00
6.907038378873307849e+00
4.480504703727331339e+00
5.568397278603905320e+00
4.460418593303964840e+00
9.296116264391317330e+00
4.994088596688322390e+00
8.415286626573744044e+00
4.688399581980575270e+00
8.022412818848605909e+00
5.349996737074110165e+00
5.618584417262366237e+00
7.401082174256584878e+00
4.865164229690435604e+00
8.971541991768468449e+00
4.306553757565580121e+00
5.666563228165529154e+00
6.108609122523969148e+00
4.318153620521926861e+00
6.582422136462937168e+00
6.695137978859731831e+00
5.847393389913650985e+00
8.744711468293239420e+00
7.718876239152470120e+00
5.813178374231733336e+00
9.563715004429983679e+00
5.648035353975711104e+00
3.483157391745969278e+00
4.284766603318971967e+00
8.461791811184676604e+00
7.009309490488556449e+00
4.007508134499953911e+00
8.015101952414346087e+00
6.941012655555180544e+00
6.052999341976830650e+00
4.357217390098755416e+00
1.140190204358187209e+01
3.642645182597087139e+00
7.349023384196479824e+00
8.682563076612034081e+00
4.185477417904055031e+00
7.649928917772884418e+00
5.590474638591593326e+00
8.137868154577461155e+00
6.658778573387304611e+00
6.325304114425025048e+00
7.993315487705737077e+00
7.638224854336113090e+00
8.430068453604933509e+00
4.979950992715585834e+00
8.113547928064974712e+00
6.795001664436982836e+00
4.205375174524427884e+00
4.923831788510870666e+00
3.943209097068688163e+00
3.741584829060632611e+00
7.220559815728374353e+00
5.482049619227296944e+00
9.305894188035164660e+00
6.829607430342527152e+00
4.500223424204046196e+00
8.656598834570996104e+00
7.989523371811210417e+00
7.330430350100978210e+00
8.516100457956888192e+00
4.793444686213351069e+00
3.525941267000188617e+00
4.603473909496827332e+00
6.264583435184722937e+00
6.042538796237741039e+00
6.245815686188946891e+00
4.014567713222409573e+00
3.007712260459432407e+00
5.684531824620644436e+00
3.965378631071228455e+00
5.343244962789593266e+00
4.595892771156190548e+00
5.869938477031854340e+00
5.649017733497021077e+00
7.628751135856453480e+00
5.900141631375172224e+00
1.030937275995919400e+01
5.837325539241035699e+00
5.366511929761820454e+00
7.341377915175148594e+00
4.499957014390605359e+00
7.582843670557391391e+00
7.652806579155624789e+00
4.643502761397904521e+00
5.075880503983579040e+00
3.262980668487401648e+00
7.390207825749357085e+00
4.464206574773866620e+00
3.478423668933450230e+00
7.054245109832235627e+00
8.849350952369377410e+00
9.481017668444247093e+00
5.118937220810416910e+00
7.932904155815496239e+00
3.176242546922078525e+00
5.262362338494855685e+00
4.038959980014310780e+00
4.156424310529025057e+00
9.015619914863313156e+00
7.278588614593303419e+00
5.793642063770063189e+00
5.739421503558108206e+00
4.711165161705557658e+00
4.359007657733623198e+00
5.805765963484113890e+00
7.898374092586960771e+00
3.371927357423885052e+00
5.408547590890351309e+00
7.314074753922255034e+00
6.301463064552310200e+00
3.983733476401907225e+00
5.359770241786272926e+00
8.283902507387173486e+00
9.303944444001668757e+00
7.121407292663671562e+00
5.494343848282894349e+00
8.515454441249641349e+00
4.868003117303474347e+00
3.362855855265932004e+00
9.461973167742439017e+00
7.410894301910230908e+00
6.789317121249139220e+00
3.442782017177793641e+00
7.318962579834760618e+00
3.522365795638960684e+00
3.375856419625132165e+00
4.854886720756493190e+00
8.206129653436875060e+00
5.239887062807488505e+00
4.208271019963063075e+00
7.825447743214376750e+00
9.392489490283452369e+00
7.261734421428654329e+00
9.340075282476860252e+00
9.556860926835653913e+00
3.054227104443525853e+00
5.048766721546619429e+00
5.209688245877063473e+00
3.377373313454397508e+00
6.758522889141701739e+00
6.721376171424862100e+00
7.295033265552800295e+00
4.176969942883382636e+00
8.007554347121644156e+00
6.966186071435076954e+00
4.352634118928262019e+00
7.638262564947026156e+00
8.678779118222259115e+00
4.973708066913320458e+00
9.165765961467377210e+00
3.943415264193927516e+00
6.386409046222907726e+00
5.721462249450059545e+00
4.164408540359088917e+00
7.124217251393364592e+00
5.765056686010715303e+00
8.180292974790216221e+00
7.076579986244281528e+00
3.012965185637130006e+00
5.739880523847952887e+00
5.987029624256694937e+00
8.491694587796088101e+00
9.798645340071207244e+00
5.892077282197272226e+00
3.047245292632638769e+00
7.289251169769660699e+00
5.462968686212763103e+00
7.048346904598290941e+00
2.912343401447763380e+00
7.765352273905165248e+00
3.021728727225934552e+00
5.573375083197811719e+00
6.714682429421618082e+00
7.297912059293534703e+00
5.263982189341327000e+00
4.863503034995000363e+00
6.098002900196994425e+00
7.715193335925490281e+00
3.527707120570904742e+00
6.630222192197732234e+00
4.014605761953665919e+00
8.720954032471588846e+00
9.229393993505928151e+00
8.014850915708388257e+00
5.720871277404510735e+00
9.223527350097084465e+00
8.779002249050419593e+00
4.730965856161729377e+00
7.599090427131199199e+00
5.433481926518565430e+00
8.920687833426381275e+00
4.391263622178821713e+00
8.250694350827457058e+00
6.021636868041402302e+00
4.692301308384518421e+00
6.495294542019664163e+00
5.301782162642239449e+00
5.724130221220056214e+00
5.608493470363378641e+00
5.708404265524672283e+00
7.063929142657244142e+00
3.448603676815928942e+00
6.099473895017852421e+00
6.385616788165457081e+00
4.467470377569980222e+00
3.685352128436607977e+00
5.696663990077806439e+00
6.621710492706156082e+00
6.190837547190551682e+00
4.968310840545914431e+00
4.744632749618793000e+00
7.806413498369616732e+00
4.392159253479806402e+00
7.079880159591783517e+00
6.561982425615354053e+00
3.812014789071091148e+00
1.027333578551085047e+01
5.607893198649930078e+00
5.501240981908106065e+00
5.473484272873370138e+00
7.231665546199966599e+00
7.705852320811308331e+00
4.833859085912538767e+00
6.210712048192515766e+00
8.299355607738652552e+00
6.273491099372527913e+00
4.287236653841498324e+00
9.295483075647307913e+00
4.600258703922257553e+00
3.634842438921546570e+00
4.155976661795355298e+00
4.529734942386268060e+00
7.276522855888896579e+00
5.471305174780109581e+00
7.674331854968625244e+00
6.468759666682173837e+00
8.312680158163077593e+00
8.312936945713570225e+00
7.634023950879459619e+00
8.935036996842390167e+00
3.775398771658939445e+00
6.849744244758428025e+00
9.551574866422406274e+00
6.485356879146909392e+00
7.789718377072674116e+00
3.940061772512711169e+00
8.352872296102876959e+00
7.450157883956180171e+00
7.150666998527515972e+00
3.073344353040533772e+00
8.379188037237179643e+00
5.267233966711294180e+00
6.942333593158286575e+00
5.041480282643147959e+00
6.238721498558146727e+00
8.680275958665690794e+00
9.496826551019040608e+00
3.671976656964273555e+00
4.822146073854074899e+00
6.554397015667899673e+00
6.091408544326393226e+00
7.326122573651282721e+00
3.493168310957027067e+00
6.314768211543468013e+00
5.529088890997424066e+00
4.019800922179973313e+00
3.318161168300893138e+00
8.063812909448117239e+00
5.913047503496672519e+00
6.764981759304189879e+00
7.780288190272724336e+00
5.774292764164447256e+00
6.908916091515910018e+00
3.612708097596454504e+00
3.129800832079923545e+00
4.246611740117207212e+00
9.025630716894811556e+00
6.349339888149365230e+00
7.695728971753475811e+00
8.048488250491374174e+00
9.461435118916925902e+00
4.461337084511626472e+00
8.055097969356744159e+00
7.696406003371589755e+00
4.894186294518650726e+00
7.456613958553361954e+00
3.522055376900735446e+00
4.305033377074233947e+00
8.048865759710327694e+00
4.309600669311504539e+00
3.877647604357718603e+00
8.035702247622561245e+00
4.306261913119587170e+00
4.367095267445115780e+00
9.056893939074178945e+00
5.402770304546709035e+00
5.297768340582247326e+00
2.943159324754867079e+00
4.001124309307493299e+00
8.456850385003649606e+00
1.002953133783954165e+01
7.167979927571687782e+00
6.001434818469900456e+00
6.765089412552569570e+00
7.290163362876869613e+00
4.244257688882173696e+00
7.795078128769580950e+00
8.080813350314002719e+00
4.148757997088972971e+00
6.060216039385404763e+00
8.355375180173615135e+00
8.700714566642183456e+00
7.984446594140055531e+00
3.874430286141274049e+00
7.701956969629154770e+00
7.174132092308205699e+00
7.849631408772561159e+00
3.933356706858100793e+00
3.483771775377626945e+00
9.132103395802934287e+00
8.323767284583038162e+00
5.892327613942051734e+00
5.273593820800690501e+00
5.597973166673872569e+00
4.279810341581327116e+00
8.768458129861567585e+00
6.530384612466552774e+00
6.070620384319226126e+00
5.967191395856596081e+00
8.145877370934874406e+00
7.408919090156693699e+00
6.988689126570453602e+00
7.751476164201860364e+00
9.343971676915410640e+00
7.274910278880689418e+00
4.156698374102402838e+00
8.283953819804436236e+00
6.600279804874926270e+00
3.308256373601072831e+00
8.778045293749091371e+00
1.221195478756333408e+01
4.249907259857510056e+00
6.114873470188403992e+00
6.313500794728510890e+00
