1.072036849076902915e-01
-7.499335244866002503e-02
1.905688870806593327e-02
-5.610102678851976860e-02
-5.135032779840240091e-02
-8.651493362884307703e-02
-6.299592378967579231e-02
-3.547707710322980934e-02
-1.104688817739157662e-02
5.001234001789368368e-03
-1.535478077090256244e-02
-1.099521981709002637e-02
-2.543887132912137777e-02
-6.046164712704066302e-02
-9.171486948005234952e-02
-8.306550835013212786e-02
-5.162986861470507394e-02
2.628608230897739803e-02
-1.166419268860265568e-03
1.574018935259599529e-03
2.634824512281564932e-02
-1.068003317482199704e-01
3.326325900449072365e-02
-6.353931636041178221e-02
2.150674475790158074e-04
1.023854681098641632e-02
-3.844700962737258865e-02
-1.486272706864799897e-01
4.237586370237508837e-03
-1.374671888468663623e-02
-5.266917285112526076e-02
-3.987508521834662312e-02
4.285593295463968611e-02
2.979534597518458672e-02
-6.141521105211969478e-02
-4.498972622989419468e-02
5.263799387953014414e-02
-1.963320614213798568e-02
-4.575772382291961454e-02
1.066099154106221920e-02
1.707937105072577892e-03
-6.421128528446127907e-03
-2.642067622852692713e-02
-8.065444627392519619e-03
-1.276924077784593811e-02
8.484306123029228264e-02
-5.499656716211127894e-02
4.159755351160223519e-02
8.588463744898072738e-02
-8.418832550249893965e-02
4.375709382501179884e-02
-1.193945194351159027e-02
-1.733458318953265409e-02
-1.537929309373215758e-01
9.322884099326579632e-02
2.699822167015251614e-02
1.676803935235584436e-02
-2.949314497875163421e-02
-3.292882231040984915e-05
-1.765548179302879259e-02
1.954673824463595833e-02
-4.758150306058324397e-02
-5.182277492755481274e-02
2.427545924008310887e-02
3.340926127128607259e-02
-2.027117874884868699e-03
-1.356954495298894232e-02
-1.447725344013022497e-01
-3.800889791492948616e-02
-3.060377398138474855e-02
-1.224557253489929332e-01
-6.008856474547082105e-02
-3.162143515310950059e-02
-5.352126094830970265e-02
-3.210513808486947784e-02
-6.131629691204480009e-02
-8.768608907052499735e-02
-3.638151654841622479e-02
-2.950670904111017331e-02
-4.127104860965934326e-03
-3.867491142695193146e-02
-1.551937098680779004e-01
3.276693524313420425e-02
-1.257047068486123048e-02
-1.019277710957865526e-02
-9.394967835665946065e-02
4.866718213466934145e-03
-6.051672998674584997e-02
-1.110497128024310644e-02
7.409007994214879267e-02
4.775318100925886322e-02
-5.225106696804816819e-02
1.673320753711906791e-02
3.829026967591240768e-03
3.101605915586969422e-02
-4.522952574985264484e-02
2.921891951820377101e-02
2.379327834955478546e-02
7.366647628928649216e-02
-5.726487160663615295e-02
-1.220756057260032230e-02
-1.618874242729155316e-03
-4.361800120668703901e-02
1.598955160966859454e-02
-1.200054370067301229e-01
-1.921434732351337549e-02
-5.539531330972530948e-02
-8.064032261646136845e-02
8.121667179002294013e-02
-4.289902975115969519e-02
-3.611921233856221075e-02
-5.916210844357745746e-02
-3.691760183888177088e-02
7.345433296452663630e-02
4.073829483649479832e-02
-8.914436147045209924e-02
-5.218387562047512723e-02
-9.606745428610623250e-02
-9.353132024054206656e-03
-1.570937245765849921e-01
1.064418890324682621e-01
-1.705118072576083249e-02
1.281213483099047888e-02
-4.526909930541453755e-03
1.632521630676011734e-02
4.607632679936849406e-03
-3.269159765319090694e-02
-1.308448049663422930e-01
-4.276310644320376053e-02
-5.874477863512987154e-03
-4.578774327823575963e-02
-9.285386136556920966e-02
-2.428655252171106615e-02
4.072674354725625001e-02
-1.155332650851208370e-01
-4.417943052766497986e-02
-8.267475566940959975e-02
-1.262694220073688756e-02
1.988046032014990916e-02
1.952705202608483182e-02
6.760846489789440472e-02
6.301486112253716632e-02
5.504717214407400111e-02
-2.071033408481616142e-02
-4.270672365761679634e-02
2.230739946437697557e-03
-7.345575955243768829e-02
-3.521008496635191776e-02
-1.236913617233384166e-01
-1.789550983881868507e-01
1.260542130830722037e-02
4.640272801368401645e-02
-7.417496290221515208e-04
1.728163423165801627e-02
3.016747155305336478e-02
-2.086358094990308290e-02
1.362416210197216898e-02
9.802988462825770744e-02
-3.461475788336778985e-03
-1.570196314757580508e-02
1.318917416429523336e-02
-3.462995537833933601e-02
6.621521332825992812e-02
-4.139864143125396995e-02
-4.160969201774007004e-02
1.186268935506666275e-02
-1.533296040034917707e-01
5.585718788153056641e-02
6.304529368121058498e-03
8.093131409709164448e-02
8.352721936815432624e-02
-2.802477147252533871e-02
-5.652583166021025313e-02
2.151133744833926345e-02
-4.509753847894025502e-02
7.863346131354356783e-02
-1.178374221362320923e-02
-2.359889997477710583e-02
-3.460052090090458342e-04
1.226251283939654851e-02
-2.451682070893839230e-02
6.372012506261659145e-03
1.945765196972498029e-02
-4.664708869015416620e-02
1.011847331570269737e-01
-1.571804229153305962e-02
-3.839194152927785653e-02
-1.725178455057605614e-02
3.014614492924026778e-02
-5.021893191991130129e-02
-4.837721856908310490e-03
4.325240782839682302e-02
-5.976950973924842481e-02
-5.619309993260229036e-02
-2.426775011154165551e-02
-6.140886990230457615e-02
-2.073733651737529743e-02
-6.497925341200096704e-03
-9.188852239449402104e-02
-3.118395572550799327e-02
1.102558380758288242e-01
-2.186316993587303706e-02
-2.369077137600209687e-02
-8.398103318123316396e-03
-1.787978833665795214e-02
-3.316907476067571664e-02
7.298114654234374998e-02
-1.530018529933252318e-02
1.490383153765667892e-02
-4.572638993142494855e-03
-2.433573185288116086e-02
-9.257637044529293258e-02
-4.670425834970035744e-02
-9.541127052166241754e-03
-1.482362220653524014e-02
-1.953328727590468439e-02
3.291507537322233088e-03
7.587318067124719859e-03
-3.433850328625772524e-02
-8.983510903528402203e-02
3.719050333426403461e-03
-4.976686177858733601e-02
3.398022347798590470e-02
5.010999741935504015e-02
-5.017404378721111030e-02
1.003795360112509638e-01
-3.965586222566300917e-02
-1.797102855441098240e-02
-2.138245111859588682e-02
-1.664927280410856136e-01
-1.351644470204003707e-03
7.916524546238604132e-03
-1.950771637897160196e-02
-4.158350733819653894e-02
-2.264655691408805696e-02
-8.138474353054338251e-02
-4.237850406418026961e-02
-3.802712735832614044e-02
5.842159793378273215e-03
1.322115276480306627e-02
-3.115172130168121153e-02
-9.430207918953080470e-02
-7.401696272285605838e-02
-4.127001081535660210e-04
-9.769431885013807326e-02
-6.061731249848247016e-02
1.455644242961790513e-01
7.371249338808555374e-02
-2.383855921918586265e-02
-2.688093519986002600e-02
-2.262092649829351709e-02
2.145643608971998725e-02
-3.081076843886691730e-03
-2.417166202166609081e-03
-6.880973093989875555e-02
-3.565140371210700349e-02
3.048978015267175129e-02
-1.395112098444248674e-02
-3.807307234638269283e-02
-8.722604884589275909e-02
-8.573658064492788167e-02
1.457891490538053801e-02
-3.101503751876857895e-02
-2.289843582315512216e-02
-5.514285354227992705e-04
7.775532103767482384e-03
6.166371391105043148e-02
5.881685243236475097e-02
-3.620650156656030592e-03
5.567615236201457762e-02
-4.174539592050469962e-03
-7.665886909679216210e-02
-1.802624376807666906e-02
1.818472510944378617e-02
-8.914696665404923948e-02
-5.735015775478249922e-02
1.587467232599060196e-02
-2.158456418358181347e-02
7.408298551216016201e-03
1.039424313315392839e-01
2.291893029779111524e-02
3.961669999742245540e-02
2.951427904384355122e-02
1.158155093282248367e-02
-9.870751656635323723e-02
-4.720671156417823033e-02
-7.242855334796473310e-02
5.017394323607485274e-02
8.258257324059467552e-02
-1.217134793520473768e-01
-4.667597608878987225e-02
7.490689417660668925e-02
-1.620806518978305105e-02
4.036446947051006151e-02
9.190802948494433688e-03
-2.468338298028745909e-02
-2.097639392540224038e-02
-3.811616260273426038e-02
-1.612589430286256661e-02
3.663233403122729409e-02
1.153965194440225057e-02
-6.600890442871748531e-02
-1.166526161240703380e-01
-1.722319653961366104e-01
-5.214016896774314319e-02
-6.515617080376451264e-02
-3.776544439442259399e-02
5.434316971930131662e-02
1.047459324714042350e-02
-1.185000209383643872e-02
-1.006922666305904435e-01
-7.268062013817422340e-02
-1.640401427467819140e-02
2.753347258005619733e-02
-2.810703965822207093e-02
-5.937073825204365607e-02
6.699191459656093743e-03
7.009967841524945842e-02
-2.287396326555687226e-02
-2.090542081877818682e-03
1.505521354967128550e-02
-5.034705539788709994e-02
-1.228281381363226753e-02
-1.666041761719278848e-03
-4.190372874398581859e-02
-3.337460168290093399e-02
-3.337228204096031551e-03
-8.849141250229136712e-04
-1.384178329776341969e-02
6.079714521669569993e-02
7.029543576953036638e-03
-1.776472410608772451e-02
-3.234327788992778785e-02
1.641804847601047515e-02
-4.682624721627114822e-02
1.765000699923575597e-02
-5.412417950463298960e-02
-3.017546193955285630e-02
5.152528481858786348e-03
-9.733026528861285498e-02
1.695330680451882658e-03
-7.376015209388950278e-02
2.468094891683375244e-02
-1.241178862626739349e-01
2.802961140281419461e-02
-1.676960991678236590e-01
-7.196116848698135872e-03
8.052352006758400904e-02
1.320034287256104111e-01
-1.737434511277570134e-02
-3.552071140325741699e-02
-3.356729358772705257e-02
7.930168365980688749e-02
-9.205960096224798106e-03
9.783798669453213151e-03
3.785475866296026531e-02
2.738678167639143051e-03
-2.597713956782574801e-02
5.561465355555718360e-02
2.453871151116722438e-02
-1.007672184088457962e-01
-5.559058039721169464e-03
-5.150755532996174890e-02
-5.532106465739966561e-02
2.556342369503071185e-02
-9.197002582785418490e-02
-3.403104058399304688e-02
2.058175435053181956e-02
-1.006550074513775928e-01
-4.956899112868865150e-03
8.534412894067426592e-02
8.756155298732699876e-03
-1.361364734480006132e-02
1.962719649050189558e-02
-9.465586848046599056e-02
-5.579794214367002347e-02
6.489024803826144022e-03
6.817869398167485107e-02
6.151991138489881772e-02
-1.608209734453495271e-02
-2.078288981970588794e-03
-3.141215433510157612e-02
-6.692879881610062920e-02
-9.195876941022555762e-02
2.951168919185754788e-02
-2.084983404076467747e-02
-1.427346179706756417e-02
-2.816024783923351451e-03
-3.416910491247338727e-02
4.554202574036585877e-02
2.164182004579154328e-02
-5.350061802319478615e-02
4.574251777440923455e-02
-4.978118999836925185e-02
-1.356923199427577040e-02
-1.180079421778900822e-01
-9.828677639011633438e-02
1.691039813698977032e-02
-2.607558261758350163e-02
-4.614229127371573258e-02
3.937290299065748095e-02
2.144884106790969150e-02
-4.094779585752381795e-02
2.845162550009525115e-02
6.368238718628967121e-02
-4.151509649145520425e-02
-2.035241729341054004e-02
-2.272738555988304890e-02
1.972501708089071173e-02
-1.019787604319358221e-01
-6.432364391821532301e-02
9.373891849792490363e-03
-1.699521021499332193e-02
4.849715856788690965e-02
-1.021356344528275423e-01
-1.236050183199021964e-03
2.833101004597814165e-02
3.554812566741721858e-02
-1.719817598317909760e-03
4.775043991799703645e-03
4.542018107963910478e-02
-5.170396472255591597e-02
-1.250324151873361510e-02
3.329797494404342778e-02
-7.579078850890474950e-02
1.184067993905602544e-02
-4.383813858485414994e-02
-8.979949619308119635e-02
-1.696381520845970658e-01
1.243315003500117429e-02
-4.269797170748620280e-02
-2.670007277733180140e-02
1.157399560607187336e-02
-6.379652076728489427e-03
-1.658908852409212153e-01
-1.875413947646193888e-02
-6.353841974128257575e-02
3.653063594520831320e-02
6.284598499519347681e-02
-6.769844190919133142e-02
5.934374431609939354e-02
-1.854093357724930988e-02
-6.564867565937644589e-02
-5.591055916705810376e-03
-4.667606693236620030e-02
-4.783689310114115634e-02
4.871730294296404418e-03
-1.705346095409498362e-05
-1.601472496095918963e-01
6.611817715789795880e-02
-6.798870042939759648e-03
-4.637930791630988370e-02
2.417466665026751782e-02
-1.629440161784391494e-02
-1.548772077797530011e-01
-1.630475430041415930e-01
2.931223453562785755e-02
-8.709271220384595669e-02
3.032233343421298407e-03
2.375296908393441896e-03
1.162444924108046139e-02
-6.435569123768243409e-03
6.538045582265610001e-02
-3.502385319956341503e-02
1.023064862675546367e-02
-6.398762146617063828e-02
-8.514301223881071828e-03
1.094371150088277733e-01
-3.358776735316502254e-02
-1.664135981309488449e-02
9.794731899588919599e-02
3.950524312067803939e-02
-4.582985115005326626e-02
1.652237524693905835e-02
-4.157697748844751268e-02
-1.551094722396084528e-02
-1.119727637394528873e-02
-9.647691255637180774e-02
-5.045845536120154018e-02
-3.460558842377819272e-02
3.514074357124113979e-02
-1.006477409960592970e-02
-2.552781868831638726e-02
-3.964867589525646746e-02
4.557063013931894613e-02
-1.951156223603893458e-02
-5.381987034694223071e-02
-1.295523791254566959e-01
-1.599776398315285939e-02
-5.697093743028124047e-02
2.097809713947078325e-02
-1.645485662674650573e-02
2.918294844668793686e-02
7.933051389441324666e-04
-1.936013501564302908e-02
-4.229941057247768588e-02
-3.247686350714909867e-03
3.331258569786484103e-02
6.820777712464591580e-02
-2.284532501057193882e-02
8.828041798434624332e-02
-4.456627653802686800e-02
6.796439246136773416e-02
-4.320439923761616730e-02
-1.813860370956531937e-02
-3.676606017864680886e-02
-1.330703332996306110e-01
1.582544966441353992e-02
-1.080375628416132931e-02
-6.245688103189541568e-02
-1.841582536823189011e-03
-1.159349338039003877e-02
-5.460577786729758909e-02
-1.359657782340055743e-01
8.411317295748235723e-02
-7.559059416004162979e-02
-3.215845492488307589e-02
8.262430493465666714e-02
1.048839699535741854e-02
1.042168774235462635e-02
-9.518434939665709749e-02
1.815657160723356187e-02
-1.343602418580418234e-01
3.897426625238282344e-02
5.027105692536551484e-02
-7.574279755068785008e-03
-3.416204311251382075e-02
4.038374160577428915e-03
7.470010896858393645e-02
3.459003743286908250e-04
3.500184818468654591e-02
-2.448377701848704346e-02
8.484026891653212443e-02
2.600154813340684046e-02
-5.367495917429296499e-03
-6.602679667656279061e-02
1.804764814107230261e-02
2.794147944173625692e-02
-3.100275860689096288e-02
-1.736575672274799989e-02
-5.530552042754165870e-03
-9.988707133350264306e-03
8.380930550039458402e-03
9.120662770540087505e-02
8.083725250404413809e-02
7.745845893858623737e-03
1.028171559140970623e-02
4.300977731961088540e-02
-5.471280443075659736e-03
-9.470017324554828864e-02
-1.299607425773734726e-01
-2.092911880571492189e-02
-4.285536661092297778e-02
-1.604532597361172860e-02
3.115531923237583115e-02
2.971133836814176046e-02
-4.197662164955814901e-02
-5.095362334020282769e-02
-4.590870591292690872e-02
7.055566973052869451e-02
6.838915981873396055e-02
9.435057355914462348e-04
-3.379921790525693831e-02
3.842326851456800280e-02
6.146619356301621928e-02
-9.796246889694466831e-02
-2.477301537104354204e-02
-2.651440911880825757e-02
-4.539716320733074711e-02
3.528741601833661895e-02
-5.773860111833191422e-02
7.812917956315793000e-02
-9.098746669892597561e-03
-1.266541444908008407e-01
2.034415101104195683e-02
3.946342629261867518e-02
-5.231375379533620418e-02
-7.286040331715369633e-02
-2.204989696342064820e-02
1.761910773076370840e-02
-2.681418295266351295e-02
-4.011815408089746196e-03
-2.722716816809408330e-02
7.496573981805480097e-03
9.578966342520638111e-03
-3.215531272610387681e-02
-1.494386866507767600e-02
-5.689408829341878471e-02
3.656765250703779280e-02
-2.457662824080718983e-02
-7.989344168465846441e-02
-8.401176453787947106e-04
3.128394758481285037e-02
-1.517020735417978945e-02
-8.784997401026624353e-02
-1.069563946685537364e-01
-3.706776537034688762e-02
-5.892091229661067416e-04
-5.218817090223159399e-02
1.355191362748097150e-01
-4.123044276917368217e-02
-6.234461304079187000e-02
-1.762641833526676187e-03
6.845585515367250129e-02
8.738691826450352418e-02
-3.696285779498671709e-02
6.691339981562746675e-02
-3.338361554836817569e-02
7.717447889723154375e-02
-9.480437333644316580e-03
-5.636854777456247467e-02
-4.265185576798783545e-02
-1.854876443230451394e-02
-7.947063373014903731e-02
-4.285156395366206128e-02
-5.453572768011701738e-02
1.123364374548078623e-02
-1.395870439339351454e-01
-2.937945256825420445e-02
6.582985128552522325e-02
-1.209947026147029439e-02
-7.269114313448154716e-03
-1.722435972098601206e-02
4.469808479359732925e-03
2.436084731863499483e-02
3.763966894812149216e-02
2.594836458356332420e-02
-1.050695895491872561e-01
-8.479187950509956342e-03
-2.784537153416542093e-02
-2.932221010045873988e-02
-1.385337717158652837e-01
4.657730552592666967e-02
2.453711064842542273e-03
-5.778927281177045905e-02
-1.111577169605178043e-02
-6.788974262642810675e-02
-2.970025569435538054e-02
-8.692379519592334514e-02
-3.159359600563528634e-03
-9.153680219380226635e-03
-7.227633913756505157e-02
-2.786281017544718630e-02
-1.819499034088848527e-02
1.606519353648318618e-02
8.227111622958475923e-02
-1.644171984979453946e-03
1.010123302659285752e-02
4.000949649088852977e-02
-3.134122878108586141e-02
-7.715297757411998525e-02
-3.522374169124337095e-02
2.654333249726095398e-02
7.686019798145853066e-02
-7.806966655332421567e-02
3.555141028621148364e-02
-3.237588839608577119e-03
-9.231673949123582815e-03
-7.292996709491096630e-02
7.734885449606253641e-03
-1.074384999226603021e-01
6.685472635688896603e-02
6.171165831667538293e-02
-3.963901475920163925e-02
7.940988942902704739e-02
1.102823318247721403e-02
3.052056715781360785e-02
1.851300436401001961e-02
5.217952044729726180e-02
7.999309887583404277e-02
2.727638928896159234e-02
-3.249253692660570431e-02
-2.858712611966129913e-03
1.032861647765068863e-02
-2.441060997781233435e-02
-9.582696307283571080e-02
-1.969351272206737175e-04
-4.914008897488505306e-02
-3.409608443615133599e-02
1.411364913304101638e-02
1.109171479072369043e-02
-1.833100009446696904e-02
-4.285856731251819901e-02
-4.808291542742617469e-02
-1.898391593211871606e-02
-1.629131266515082208e-02
4.372148142168592183e-02
8.378401683371639042e-02
-5.611672153032895571e-02
-8.457378425029821872e-03
-9.882165009800968070e-02
-8.915597367888534672e-03
-2.332293519027228701e-02
-1.640779415924547430e-02
-9.499432560641722645e-02
-9.008877673938205100e-02
-5.648845982763217588e-03
-3.829920310736249084e-02
-5.290362659528227013e-03
-1.124987751385592427e-01
-3.388836632244604519e-02
-3.243989209166862897e-02
1.160443525257350561e-01
-1.605697397436500751e-02
-1.790651064674572690e-02
-2.892612715684070301e-02
2.818745971301985301e-02
-2.036709770447345594e-02
-4.460979958223464104e-02
-3.959622191222422760e-02
-2.715737779868583612e-02
-1.964662079800109581e-02
-7.174953311545539947e-02
-6.255586578966298994e-02
-6.760431772146266970e-03
-3.618668312686747907e-02
-9.860657260885485886e-02
-2.469337859072544923e-04
-1.828107777154465777e-02
4.650382009430574504e-02
-4.305120997608663513e-02
-3.394706782124876782e-02
-3.496409095915518905e-02
-1.585035862526789491e-02
-9.939480284087538753e-02
-7.131807942111009768e-02
6.539317660075509662e-04
1.110010347906046080e-01
-1.804667771623446465e-02
-6.643844474621117893e-03
-1.655727169888050396e-02
-6.902069213925053626e-02
4.702752853079556622e-02
-3.320107132400570982e-02
-1.473223767305366083e-01
-1.033100201756366986e-02
1.057786232299036400e-02
9.535236153478027915e-03
-9.276678107898990444e-02
-3.809966988537893257e-02
-6.587703516910449648e-03
-9.506760255621410707e-03
1.148187853726900104e-01
-6.658738700768222774e-02
-3.131233536368967230e-02
-3.788991690732003426e-02
-6.447724188668461920e-02
-3.958318568115986452e-02
6.644254100250711337e-02
2.403765820836947092e-02
-1.152430481293781478e-01
-4.223509169180326289e-02
-1.162505727047816323e-01
-1.057558214860509216e-01
1.818945787151633048e-02
1.590738715626362210e-02
-1.915276433142577839e-02
-1.224139558992943938e-01
-1.236741544441090270e-03
3.792824736391146867e-02
-3.120514963197854822e-03
-1.344023966563720474e-02
4.607817764767883906e-02
-4.678346199339439987e-02
1.248158197749813132e-03
9.250682741524041477e-03
-4.003624514122724326e-02
1.209528129661832652e-02
2.357349763167583892e-02
-1.014288559209092916e-02
-7.538805978887325177e-02
4.712240245941776845e-02
-3.896107083019540677e-03
-8.016500422373931678e-02
-1.315010635923652416e-02
-4.135085832054698901e-02
-2.850983770513993570e-02
2.518111616162684203e-03
-5.330218015125463837e-02
-5.369685397854566909e-03
-2.987322856665558871e-02
-1.543085217704552592e-01
3.196000667996012207e-02
3.715580755119966827e-02
8.457711846090822105e-03
4.197832000395369106e-02
-1.051336558185691217e-01
4.814889016076595932e-03
5.755230119596990712e-02
-1.954257028732302864e-02
4.996248930306664005e-02
-5.146158093417154550e-02
-1.304705701488441671e-01
2.272041155906052989e-02
-1.999446092672705830e-02
6.482340691755510143e-02
-2.315600480286274937e-02
2.648291574533021345e-02
-7.324091803033749848e-02
3.231914219743048378e-02
1.460527405533261144e-02
1.236363515144235509e-01
-9.664802842075045919e-02
-1.208853633138372713e-01
6.870780501962273079e-02
2.391396487569984880e-02
-1.949088413018176119e-02
-3.721064244388421881e-03
-9.846764031456893551e-03
-1.816272831664360668e-02
6.338543097349935707e-02
3.580776489705034260e-02
-2.938349314551958608e-02
-5.547089151085664652e-03
-7.978568501803236235e-03
-3.111364267906764625e-02
-4.096354027006035396e-03
-2.149342053763091467e-02
3.697802419213746215e-03
-7.133847493457329270e-02
-7.450274378701961242e-02
2.988430643381611088e-02
-6.059187662363876847e-02
-1.813120169668332518e-02
1.819960352554010749e-03
-3.007667641167606487e-02
-1.683736399672305928e-02
-7.328273851514468043e-03
3.831181746965046930e-02
-1.091674425370881274e-01
-1.739538156437323707e-02
6.549486744358176855e-03
-7.785107301017553383e-02
-3.944099603832015161e-02
-1.180959280243204339e-02
-5.028728674115769820e-02
1.417586919383173605e-02
-6.261257356343696845e-02
-1.134631716279345566e-02
2.944195227851835461e-02
-9.030908288922760707e-02
-2.098641169884065197e-02
1.728016229000441106e-02
-1.022807321210729425e-01
1.062408452175586798e-01
-4.251222861768824690e-02
-6.345367321051803566e-02
-2.968506455766925511e-02
-2.111662016574350834e-02
-1.462626091941114821e-02
-8.844968881548188888e-02
-1.918632425197698901e-02
-3.592505024539319192e-02
-5.158119759021594780e-03
-4.382162959240462619e-02
1.230712115710339977e-01
-7.085649899462430346e-02
-3.906066338270552246e-02
-1.187461473503502729e-01
-3.806607931326967675e-02
4.384664282328278040e-02
-3.447132424178671328e-02
-1.479921073908927603e-02
5.869874854318016949e-02
4.128090191350610762e-03
-1.306892407271405612e-02
2.469878141742039637e-02
1.695527151655139286e-02
-1.149934631550553477e-01
6.215585466263637109e-03
-1.394112950033246298e-02
4.871823203501986221e-02
4.510653650113723157e-03
-2.282990180213289796e-02
-8.379685086065286406e-03
2.646719129570939896e-02
2.062184476344618850e-02
-6.345698640788546840e-02
3.625919064469598080e-02
-7.057337879323971608e-02
-3.203693780501342542e-02
-2.942483280522154715e-02
4.960608455589789884e-03
-4.694118339341139985e-03
1.726667424978978096e-03
-6.128970462424564863e-02
-3.976194152391846620e-02
-7.522463657548442845e-03
-6.021694532832582575e-02
-2.468508921856147481e-02
-1.529987202737349145e-02
8.725374726056171065e-03
-8.319904244847102504e-02
-1.433408428959962455e-01
-1.696884759789816510e-01
1.070982420131349859e-02
5.414292143989589369e-04
-5.616334772739898368e-02
-5.144720053031482526e-02
-5.390332119666611799e-02
-4.870345021847281158e-02
-1.061076833153301417e-02
-9.380169765156121109e-02
-7.573424785112109481e-02
5.132676843600254835e-03
1.428456128603974515e-02
5.674063680927448131e-03
9.259915754028640597e-04
1.452290480371261627e-01
-9.884812718021490641e-02
-2.914120385450889514e-02
-1.659917103774477543e-02
-5.948747121747286620e-02
1.598623873507545173e-02
-2.736192187077327032e-02
-1.537096311067478460e-01
1.172505292741102961e-01
-1.550614347454000626e-02
-8.129424291418144155e-02
4.490627499875361056e-02
-9.473935588313195377e-02
-2.535316072203722473e-02
8.655470621719224891e-03
-8.143615522439614021e-03
-3.289686053791574666e-02
-1.340955295741284685e-02
-2.697613465491375748e-02
3.360388376055482851e-02
-1.265768186928229204e-03
-5.407623360593175055e-02
-5.160478817221890446e-02
1.628779582839710166e-02
1.273692895905081598e-02
-2.266332213201642173e-02
-1.986030731688888731e-02
-1.887386207713484879e-02
-1.490726090697567716e-02
9.872223548117402270e-02
4.302752866552056465e-02
2.436881315287673169e-02
-7.723925286195094941e-03
-4.480881575431985842e-02
3.589648207117387274e-02
-9.712417213959647841e-03
1.035486825703737929e-01
-1.633704831391101231e-01
-5.338662997686448308e-03
1.252814066961745187e-01
2.844075154680838699e-02
1.165840551737691404e-02
-2.287658689904863499e-02
-4.539422038314278041e-02
-4.136180076781400400e-02
5.694834603709423432e-02
-1.881417188748535016e-02
-8.465495414139134756e-02
-1.450952665501227361e-02
-3.183039039902753006e-04
-1.830886617348910853e-02
6.519568631517329294e-02
-2.283782643281733957e-02
-6.396432178482874820e-03
-2.796272885684599613e-02
-5.531789592874904876e-02
7.064809126403094608e-02
1.324270580598480365e-02
-5.864601752493054515e-03
7.111132758779684527e-04
1.065383271658810194e-01
-1.974403783476987376e-02
3.775206728750390289e-02
-8.966157339694044801e-04
