5.407275925550774076e-01
6.023612189425358032e-01
6.215953510248352076e-01
6.126360368250789445e-01
6.061162934168683458e-01
5.645644168279612130e-01
6.126165108154223438e-01
6.097349392121864664e-01
6.341360030217633170e-01
6.029514182084022567e-01
5.671849780100647331e-01
6.184952805081846972e-01
6.118437787632498015e-01
6.355148931989055283e-01
6.452770826841082163e-01
5.934385382703416534e-01
5.158462933791175820e-01
6.195485587012823370e-01
6.212920293574404340e-01
6.225460188624385438e-01
6.224952088252387883e-01
5.399718562187877380e-01
6.051275071850638065e-01
6.543965542809467850e-01
6.329699203810447150e-01
6.122065593206924561e-01
6.424442157960064126e-01
3.029659601304493521e-01
6.803048424685612661e-01
6.016061765646054660e-01
6.313224098649211635e-01
6.251925511287993453e-01
6.326719853179181285e-01
5.896144424191852584e-01
6.070113358778148616e-01
6.286954897281347154e-01
6.149737410142050997e-01
6.345645394305616804e-01
6.177918053516807673e-01
6.283254525685458836e-01
6.324419275698833776e-01
6.504369127124376426e-01
5.936486126859289447e-01
6.227279371300694644e-01
6.677845907617288024e-01
6.430738056100168132e-01
5.324780054973689003e-01
5.995671447203395621e-01
5.585330809405163466e-01
4.631930107877446634e-01
6.540471434938092132e-01
6.220917607429377050e-01
6.363569803476749609e-01
4.163354756080490660e-01
5.820569844996011932e-01
6.284321194816516742e-01
6.318023375508389217e-01
6.557757878276778696e-01
6.259914725308445282e-01
5.883821286440995557e-01
6.265077892560790840e-01
6.964831878066745086e-01
6.253864435419038692e-01
6.243615890634772736e-01
6.422933137479438503e-01
6.030440441307314270e-01
5.983254247817122451e-01
5.061433171790299390e-01
6.344936279744151086e-01
6.814017772753039326e-01
6.446379718619479338e-01
5.483273715358412126e-01
6.553997620337347341e-01
6.552688798970663919e-01
5.763490212774161625e-01
6.650457902357774786e-01
6.237843568370083913e-01
6.290119986508506678e-01
6.488343756698959908e-01
6.440794673352082667e-01
6.743934009523934181e-01
4.215324372234068306e-01
6.388563056649498861e-01
6.254242259782627489e-01
6.149199699596127333e-01
6.380430625059813066e-01
6.402864580431963937e-01
6.119568292416452948e-01
6.153685319058639358e-01
5.714971787822469285e-01
6.049215825369733679e-01
6.098820946690907130e-01
5.758663903534193551e-01
6.594900166385631035e-01
6.382655417241001050e-01
6.385870175749844835e-01
6.024654524810324485e-01
6.173838346591484783e-01
6.063683665028848369e-01
6.355868680629571665e-01
6.673041813927256261e-01
5.906588829427451559e-01
6.097075057356378114e-01
6.457306449036783746e-01
6.233225764367206212e-01
6.440799687767394532e-01
6.079682911797024136e-01
5.746605026435045449e-01
5.909548480071810106e-01
6.151410856820868078e-01
6.210324610209395635e-01
5.975859336269426780e-01
6.316456308035798273e-01
5.919764796616989733e-01
5.777981466916624065e-01
5.539117809357564370e-01
6.028761820797391424e-01
5.806549772347739946e-01
6.267718137815601054e-01
4.818724861845508078e-01
5.643545092531586649e-01
6.690426900688137835e-01
6.475773795023845869e-01
6.440226724580044859e-01
6.407549137832615482e-01
6.647705062691480205e-01
6.159835726297313574e-01
5.529202818135059427e-01
6.422099740190745365e-01
6.227205834792862715e-01
6.254553303492134120e-01
5.598787797121812515e-01
6.377507719717808721e-01
6.389834352362785408e-01
6.471642040410818808e-01
6.271638836067292555e-01
5.960429828041895473e-01
6.567383719130139852e-01
6.347447834370832931e-01
6.301365518674222344e-01
5.805591451699270156e-01
6.173637004968841602e-01
5.413942226757197940e-01
6.070919933241544220e-01
6.635630690244063157e-01
6.442520820476331789e-01
6.396279437774781140e-01
6.901966573409933359e-01
5.994503760447693619e-01
3.543916793548507194e-01
6.308560245905949770e-01
5.850450506005145934e-01
6.506807276760775416e-01
6.349065305426624395e-01
6.356998284028624324e-01
6.294765538862456822e-01
6.231621759871647237e-01
5.577857369101292262e-01
6.127411037116954340e-01
6.256684456711205655e-01
6.009652606088514704e-01
6.330570069168253156e-01
5.193714009380818730e-01
6.419593393560266703e-01
6.415169334320378614e-01
6.192075503981044893e-01
5.576058117854930662e-01
5.692455404010345887e-01
6.025225067839975468e-01
5.896402578378041603e-01
5.379778999963490405e-01
6.448490694574409154e-01
6.417787792454066054e-01
6.294161735818966097e-01
6.339307573336411261e-01
5.993038149813795235e-01
7.089906095713649492e-01
6.174328455638175006e-01
6.220536219796395372e-01
6.016563449919954953e-01
6.404935697620429691e-01
6.352992324991521000e-01
6.136502631941427310e-01
6.168503155102917912e-01
5.664214288228607286e-01
6.045599868307475200e-01
6.499984976546190341e-01
6.255139440113941518e-01
6.590910128840598015e-01
6.122736803536138472e-01
6.266751818048925671e-01
6.479475906732777846e-01
5.488294892396805569e-01
6.232833463927371920e-01
6.309722575063555494e-01
5.602672361486232822e-01
6.279806061639449100e-01
6.546737058681779686e-01
5.862772504420401543e-01
6.182562784558573998e-01
6.059120673173323812e-01
6.269349704161921721e-01
6.323396690515791230e-01
6.119995606128985077e-01
6.374701989820231729e-01
6.253717984033961841e-01
5.131991170422870452e-01
6.428631591416009705e-01
6.378764635410054673e-01
6.843954442480475464e-01
6.325590742981473946e-01
6.296815345987835100e-01
6.950947874271065086e-01
6.429735684824585684e-01
6.339398553325201746e-01
6.806750347024503878e-01
6.066636958511704147e-01
6.341502814331162474e-01
6.701746498341039082e-01
6.488107979115529389e-01
6.469561518892870122e-01
6.365854439290490330e-01
6.312313419629759226e-01
6.005388694807927141e-01
6.437076582191770813e-01
5.664589169898239795e-01
6.242971087399588059e-01
5.984323871686426655e-01
6.307900242234638633e-01
4.514222169266747797e-01
6.363625653818697492e-01
6.328108976500920191e-01
6.361874846049544452e-01
6.582397494300382679e-01
6.109580718042133540e-01
5.700348358990473541e-01
6.014487648241720885e-01
6.480686999193411291e-01
6.206371689620903132e-01
6.286017066558207134e-01
5.909875043473188372e-01
4.659122707442006073e-01
5.989466409091486199e-01
6.316001267078442671e-01
5.903799913088181306e-01
5.839378570838117399e-01
4.873847840455329261e-01
5.752476701393223202e-01
6.189803151501280798e-01
6.460904235102399307e-01
6.077770299481353167e-01
6.274584283662694162e-01
6.264553219113969673e-01
6.246576676844262099e-01
6.041478834550512156e-01
6.564802578622133122e-01
6.145987407176173312e-01
6.525711106855178745e-01
6.294997718205267434e-01
4.915406823756373611e-01
6.160781158772510313e-01
6.268060357938010085e-01
6.369500566714979550e-01
6.564573739360384241e-01
6.354398197504074197e-01
6.823909726006116561e-01
6.055957884525913215e-01
5.813668598386473318e-01
6.105938561203005932e-01
6.056772844186678606e-01
6.391722704567355251e-01
5.818314531326609362e-01
5.759192343498369393e-01
6.094817713723332808e-01
6.761423463841552683e-01
6.409115592355256741e-01
5.707879208238411106e-01
6.259881285773131188e-01
6.786401022543354644e-01
5.524448005522581973e-01
6.429456423702171186e-01
6.019664662069641459e-01
6.129487819848653540e-01
6.466891322289060051e-01
5.505956197103789584e-01
6.690061793793121714e-01
6.067488672661331961e-01
6.057439121653634961e-01
6.395782108630587715e-01
5.891425134653014428e-01
6.119035436914687098e-01
4.972033679396628547e-01
5.927159805082522492e-01
6.039216056504181918e-01
6.132154225041198670e-01
6.146014965065892399e-01
5.555648947946230098e-01
6.206456497554343477e-01
6.312354349663524822e-01
5.697079526703354713e-01
6.053297869980575063e-01
6.080560051489179996e-01
6.347119081361398685e-01
4.806089080945588066e-01
6.200691904154299605e-01
5.737731405068142720e-01
6.216947885472599022e-01
5.726485103767123830e-01
5.862949403260114822e-01
6.004169266337351374e-01
6.140115830906164307e-01
6.189529180200247227e-01
6.640286302468930701e-01
6.268855448605736846e-01
6.278320893231645883e-01
6.330750637383559809e-01
5.707273254708218335e-01
6.070955167669921382e-01
6.165255952479206103e-01
6.356615684842156222e-01
6.266921688618708464e-01
5.838004979470584610e-01
6.085134191939152171e-01
6.044060615099892120e-01
6.031669939303424544e-01
5.955488601732931153e-01
6.446717347953021537e-01
6.432680149320894047e-01
6.539768925161879576e-01
5.598797273032477539e-01
6.069718939651930212e-01
6.959172533215297607e-01
6.143974051102736311e-01
6.456374356524473557e-01
6.370991010786937192e-01
6.559096923040046434e-01
6.330266244250994934e-01
6.086492637973442976e-01
6.650312610999142837e-01
5.571450747489888888e-01
6.223183380871762926e-01
5.151083661775005540e-01
6.114477502723995039e-01
6.193602776416869959e-01
6.253425474895283331e-01
4.198275937797518731e-01
6.494472843487182345e-01
5.924724399603162883e-01
5.259812832239696423e-01
6.384859565478926413e-01
6.239102716361986101e-01
6.495675283441119108e-01
6.135346403395315340e-01
6.366011391703551014e-01
6.444318438044357444e-01
6.173908557678564613e-01
6.241535624431902018e-01
6.027631244776476827e-01
6.474327804905047890e-01
5.137217075947760891e-01
5.765687605198822618e-01
6.583716349725506900e-01
5.815271333381878405e-01
6.204823607881930769e-01
6.206471414215511961e-01
5.851717996172611791e-01
6.199829310409524785e-01
6.018159051660659786e-01
6.133783483082584365e-01
6.308338409873465169e-01
6.017660954709558307e-01
6.393916039320890476e-01
6.782505785539195697e-01
6.338977301076671456e-01
6.220214454108968782e-01
5.935993728649499035e-01
6.044288137640837499e-01
5.777444320698025271e-01
6.450157221422411213e-01
6.079752806224778539e-01
6.364813175165340287e-01
6.021399017081371374e-01
6.233216706775059901e-01
6.594108108100219523e-01
6.380746253834992388e-01
6.371435404428331672e-01
6.103401248519713107e-01
6.034846871079407871e-01
6.321359059706047612e-01
5.774157616775291713e-01
6.158899261814830828e-01
6.369361952945854499e-01
6.101930147385645764e-01
6.356725760923989110e-01
5.905486245905160470e-01
5.764559221373566356e-01
5.486815982399545488e-01
6.012267299456838243e-01
6.367982976653717708e-01
6.085231363068774879e-01
5.925708840225163421e-01
6.305121189850738661e-01
6.466006510703286025e-01
6.417190113300456078e-01
5.640304691859262531e-01
6.357120747314538578e-01
6.220147143348679908e-01
6.325746757072642223e-01
5.877993990010200731e-01
6.982333334343410192e-01
6.402444843189416535e-01
6.525469618912520531e-01
6.455914209216827571e-01
6.029113834072862277e-01
4.470157391064128460e-01
6.261531444745951358e-01
6.422829705927805000e-01
6.033947227677003422e-01
6.534625551038416580e-01
6.539165394628398964e-01
6.131055972471801674e-01
6.308331894455715405e-01
6.782867284255977847e-01
6.466723410299296537e-01
6.281512867377795351e-01
6.898255730247373485e-01
6.538844259454880126e-01
5.476619080922320304e-01
4.567021712612972517e-01
6.127285862502092062e-01
6.084295916495857659e-01
6.100563548258118862e-01
6.321436738088126450e-01
6.330993581049702001e-01
5.188883769038670213e-01
6.323475324344551840e-01
6.492096967312674938e-01
6.138923706326051555e-01
5.512505138296341922e-01
6.317003223391640665e-01
6.179636025061631122e-01
6.317593117149931103e-01
5.659828710943912711e-01
5.555878061812294932e-01
5.746141759207469280e-01
6.003619589970291548e-01
5.838414609970810076e-01
6.289743765203543724e-01
4.422054755970580286e-01
5.909836163013734156e-01
6.205389466966972911e-01
6.875439303742505448e-01
6.125402335903534778e-01
5.971281718751364487e-01
5.314233259789326036e-01
5.561486772818134972e-01
6.266034533154721808e-01
5.992459151794475858e-01
5.978231341751754080e-01
6.159275380494240171e-01
6.468885024876062095e-01
6.419869763935862617e-01
5.097360093587195440e-01
6.195866577004250919e-01
5.773853785756032364e-01
6.487249329306994383e-01
6.242290554742065956e-01
5.482618320713571469e-01
6.343387487136812330e-01
6.132392704254131521e-01
4.961062780088188462e-01
6.183462900171321497e-01
6.533368350198970331e-01
6.397884624861234215e-01
6.635628063393702591e-01
6.375661449074870868e-01
6.332326880465247720e-01
6.174866556184538391e-01
5.786993204248822575e-01
6.689680830286528490e-01
6.340524064806146720e-01
6.217370727616525761e-01
6.032572589772315919e-01
6.199448277354331349e-01
5.606155349733433768e-01
6.240757822948883593e-01
6.238589140577804892e-01
6.240164309126988718e-01
6.267222510039425210e-01
6.303650251115548997e-01
7.023002526226287401e-01
6.301709684815821610e-01
6.575851454566963294e-01
6.558601924280172968e-01
6.128526640932638880e-01
6.401070679544400566e-01
6.245657002271217673e-01
5.974196528845833187e-01
5.936139890078462322e-01
6.233855004142999645e-01
5.593673617527954445e-01
7.020341766133622041e-01
5.753087588544056885e-01
6.330304811051031821e-01
6.254684100408709480e-01
6.312370601403118897e-01
5.011058399109198369e-01
6.076755801241422450e-01
6.114552766352621127e-01
5.770579228898126134e-01
6.309403389181681421e-01
7.055995070181472206e-01
6.549384296853597576e-01
5.693681433856692120e-01
5.424977794868813818e-01
6.064130193778606293e-01
6.439566517401003054e-01
6.009222868822409191e-01
6.305687799429564588e-01
6.446600939015940668e-01
5.498293290737109595e-01
5.720855775511562991e-01
5.689800674371175981e-01
6.572409340239714348e-01
6.241828967943506834e-01
6.436284968134643458e-01
6.991384889224790955e-01
6.572694550375436373e-01
5.957881496703867352e-01
6.696376325516428807e-01
6.080701012746541068e-01
6.056598695672673616e-01
6.157748033178129798e-01
5.964911647785602344e-01
6.364564630000305590e-01
6.702139503261077547e-01
7.009956221036549584e-01
5.997076267518948178e-01
6.415721116374060173e-01
6.195082987115368978e-01
6.351506363325826188e-01
6.521674729333678533e-01
5.937861491714166995e-01
6.115295537297957829e-01
5.514529935177123754e-01
6.195918140447950195e-01
6.132608241098431723e-01
6.105373798691111631e-01
5.946396217741833912e-01
5.632680666379421552e-01
5.260500970924465447e-01
6.366582676072101155e-01
6.454332135488141109e-01
6.256879288815304641e-01
6.152072622526264523e-01
6.640555439476402144e-01
6.255578134775952037e-01
6.642704476689605952e-01
5.965555090814114170e-01
5.879907371183324960e-01
6.298854369867538106e-01
6.542814860336609861e-01
6.210286577895253179e-01
6.121962268637776150e-01
5.905563804320108634e-01
5.746049459151145733e-01
6.098824329548173662e-01
6.367395514156222180e-01
5.807950164266891813e-01
5.856158697861911788e-01
6.170761624953066127e-01
5.931966424112090630e-01
6.082240627498172181e-01
5.239596148226116634e-01
6.849656980351915836e-01
6.194506167115384487e-01
5.836872859060975305e-01
6.021878037123409300e-01
6.368543042720004044e-01
6.121980371553683575e-01
6.196923998346340889e-01
6.786321569204476489e-01
6.347984355049530736e-01
6.254826377088056333e-01
6.389306233927933842e-01
6.119980104446750557e-01
6.456203551717527578e-01
5.818381656506443900e-01
5.922527496767470145e-01
6.454053797024301709e-01
5.867656648129704333e-01
6.392819822444649747e-01
5.966747889040455721e-01
6.252946578297776670e-01
4.541696860522187462e-01
6.001261154842358891e-01
6.401330012727398655e-01
6.255186358026646465e-01
6.022196384995277540e-01
4.588089756935873065e-01
6.490788598852406110e-01
6.037245285018709717e-01
6.178485648892836357e-01
6.207308440239930336e-01
5.900150310700279510e-01
6.332494710077595235e-01
6.226829092822726563e-01
6.007658723172387694e-01
5.411049596256486405e-01
6.250156578237986427e-01
6.098521075107552480e-01
6.358295291472887412e-01
6.605128542104997669e-01
5.886162669545995652e-01
6.366888332517096627e-01
6.012037699462798868e-01
5.622153973281607264e-01
4.518661102021068743e-01
6.137024499428315183e-01
5.881833896436581277e-01
6.356356048514175683e-01
6.189353617661552676e-01
6.242045963069916548e-01
6.105699442932284171e-01
5.711810629484226354e-01
5.763405147638713810e-01
6.288880872957182122e-01
6.225580244309332212e-01
6.381401372695274521e-01
6.381118317108688265e-01
6.002550327746865033e-01
5.937443730791631680e-01
6.184855104857517327e-01
6.381265520882289932e-01
6.440838873735356129e-01
6.231414671794227589e-01
6.285606759399049448e-01
6.223869678985058940e-01
5.880531328871844154e-01
6.255260897090887395e-01
6.289131181992776431e-01
6.051297933086623448e-01
6.871152101142771196e-01
6.406895901820754968e-01
6.676513956538057126e-01
5.722774090058296848e-01
5.851591473149864164e-01
6.332695639158728573e-01
6.259840287011003701e-01
7.204236030331691021e-01
5.446141126729188153e-01
6.172807280206340508e-01
6.104719574588636233e-01
5.640123311655120819e-01
5.872124902318726081e-01
6.388216982565492197e-01
6.368993392816448829e-01
6.078783832704482970e-01
6.041018369698356594e-01
6.055766200634516983e-01
5.592230007116567592e-01
6.232293143893747889e-01
6.423599726278084177e-01
5.840670832214989172e-01
5.773491282487760445e-01
6.292561003132018937e-01
6.475873077301783631e-01
5.684966468905426895e-01
6.036938871888501978e-01
5.365856032543908638e-01
6.243623343311325291e-01
6.370678994825687003e-01
6.862806889348959105e-01
6.314891283300789748e-01
6.432675773214308057e-01
5.915639189070867054e-01
6.659351765913439358e-01
6.395105226128809939e-01
6.363737268035086769e-01
6.474937332816195212e-01
6.563322783834525387e-01
6.276817366388034447e-01
5.974790260849850432e-01
6.605554366704687874e-01
6.278844600754910354e-01
6.191503199427961235e-01
5.785253221328056084e-01
5.673674624973118474e-01
5.988935632289537070e-01
6.177324962269022945e-01
6.640155894417513194e-01
6.064176788780207827e-01
6.139489939693046905e-01
6.055385083840169047e-01
6.012583827590297636e-01
5.318145319233769097e-01
6.319299776787871137e-01
6.018094124864050709e-01
6.274848338037111173e-01
5.959137241747030078e-01
6.395799240441063516e-01
6.228589579457254333e-01
5.221652851069708001e-01
6.560114292110932332e-01
6.224034893076220154e-01
6.138978405143769024e-01
6.305687572636428095e-01
6.191226776203934135e-01
6.253218363326896734e-01
6.418922056681682919e-01
6.070818909045989642e-01
6.192704112032654251e-01
6.245850961851368011e-01
5.451233638700270223e-01
6.461460201642402756e-01
6.172337912332145349e-01
5.965705966675157734e-01
6.208493548816752527e-01
6.119469664389467489e-01
5.509224510439332256e-01
6.607247675619087879e-01
6.164130644785749125e-01
6.580250848465006852e-01
6.252930503372039484e-01
5.656885914577891583e-01
6.126228082296283350e-01
6.604768740578571551e-01
5.731590379688469294e-01
6.214972774368555664e-01
6.882580243300540079e-01
6.737662831337632996e-01
6.035591671969225969e-01
6.320826450974970090e-01
6.295136891256971623e-01
3.306651401912920063e-01
6.369108135353116484e-01
5.561418025016338085e-01
6.067457153668435188e-01
5.604035903128574692e-01
6.182862652565813688e-01
6.447189088464601037e-01
6.399089051220804292e-01
5.809370414911710911e-01
5.971622407564558532e-01
6.341415016794379467e-01
6.450167176676224745e-01
6.541021861295427398e-01
6.250270998408146150e-01
5.562491506141971076e-01
6.078312269166549209e-01
5.018103183371164233e-01
6.261271460721712367e-01
3.467946872987057172e-01
4.445643026336119630e-01
6.007517938268043256e-01
6.047312960588848707e-01
5.948149325507388063e-01
6.238133807918604390e-01
6.270322834593220485e-01
5.515973678741145081e-01
6.538396891623153850e-01
6.278449770567074983e-01
6.060808739262942835e-01
5.600404474665658938e-01
6.212966452699335562e-01
6.318716304599746314e-01
6.493636819231994872e-01
7.042936592754427405e-01
6.111504369482282373e-01
6.342337321346220858e-01
5.949084808668504420e-01
6.224795910462227466e-01
6.345903058707242916e-01
5.949662953904415463e-01
6.063623989262624248e-01
5.940027339767534054e-01
5.909476463691015757e-01
6.284767973259403062e-01
5.956189062709609239e-01
6.241136866819304574e-01
6.304239294929023796e-01
5.644425818688081353e-01
6.378874402577944247e-01
6.583810671804137815e-01
6.559838312153999373e-01
6.020431960175115504e-01
5.157602836543387914e-01
5.773036751824982549e-01
5.336444963478613746e-01
6.068005852686877422e-01
5.975860872830748294e-01
6.035001937720833043e-01
4.937222366576866084e-01
6.362155379250280518e-01
6.468919789243182672e-01
6.889115631362764391e-01
6.405609856040194172e-01
6.272828565580872429e-01
5.760193269895229617e-01
6.415650273841290163e-01
6.104033761209971543e-01
5.323245125883799833e-01
4.987108469074616468e-01
6.161801148651580018e-01
5.462482528709576846e-01
5.890694081358330836e-01
6.489139696629354637e-01
6.225418490745617817e-01
6.209713309442300710e-01
6.425591543772154468e-01
6.206480983487174807e-01
5.800931159250920510e-01
6.872165347598477858e-01
6.604433379770970891e-01
6.115002836226464122e-01
6.551017361999118549e-01
6.213801286220329567e-01
6.291958753493988032e-01
6.299693504507867248e-01
6.248525426475267652e-01
5.117717881296547366e-01
6.435358870233660600e-01
6.279415906999915586e-01
6.594520911031411803e-01
6.505363961515548965e-01
6.329833580602076681e-01
6.331848690744968922e-01
6.561795624443768071e-01
5.926014686370703055e-01
4.819943177908603826e-01
6.714075526586333886e-01
6.095891539263131875e-01
5.766533326681257954e-01
6.382428900520472626e-01
6.444695573956006340e-01
6.298120475734448886e-01
6.310358206495557676e-01
6.097383958039410690e-01
6.391264099568054746e-01
5.980082642160772233e-01
5.240662379669180915e-01
6.485334098976948125e-01
6.180060715408273175e-01
5.508858139078699478e-01
5.465097227479374098e-01
6.171272764105109054e-01
6.203071700038971237e-01
6.494709032263863424e-01
6.170949028164605110e-01
6.442102861388987467e-01
6.501956140326549116e-01
6.215330906322670268e-01
6.369844354825625610e-01
6.998692986893988444e-01
6.316698739282424757e-01
5.652176724940791708e-01
6.147062432785519448e-01
6.007459748275736366e-01
5.094168356153899735e-01
6.603566551729841416e-01
6.204586978440304046e-01
6.912713751596354372e-01
5.965509738192230627e-01
6.404273186241278282e-01
6.362046285885384345e-01
6.313784072437774730e-01
6.246055331792060850e-01
6.405265523120370341e-01
5.507086485276436738e-01
6.374144978665686745e-01
6.397009254862303651e-01
6.364594869287306667e-01
6.083838947391336793e-01
6.246522029296498468e-01
6.084376041326708950e-01
6.519849242469871742e-01
6.247456224228642441e-01
6.139811880077699069e-01
6.312834862158981375e-01
6.188327003700360152e-01
6.081846013595604283e-01
6.329802212746610257e-01
6.328091434944471683e-01
6.220355712335519094e-01
6.219952507692531052e-01
6.071764227189920815e-01
6.216750451750653328e-01
6.529635224547610806e-01
6.087968763358275748e-01
6.459836306595689859e-01
6.477002011483232735e-01
6.416409792293817915e-01
6.253023999481550632e-01
5.461310350592792906e-01
3.742548718210968461e-01
6.269776314254661420e-01
6.116122809762134516e-01
6.057070402291347966e-01
6.468067899736897886e-01
6.894289752958769890e-01
6.153150961412922060e-01
6.414935081710594345e-01
4.634333022277369873e-01
6.279235585940659004e-01
6.204948173321364058e-01
6.490458353364209065e-01
6.534760222924120843e-01
6.036822297398082293e-01
5.078953111740863724e-01
6.026595040860116548e-01
6.629278892445445992e-01
6.028575921988449382e-01
5.670856522897997909e-01
6.224971141861955770e-01
6.547791640195976814e-01
5.322222897065170821e-01
5.739503092309321541e-01
6.196033989564798672e-01
5.948536918072219182e-01
5.967287256978476284e-01
5.373102861543177511e-01
6.300126218135962963e-01
6.163727635392485249e-01
6.597815192177143295e-01
6.487450025283059141e-01
6.449230655745195051e-01
6.156711343091342270e-01
6.231255052791633275e-01
6.626072835488523438e-01
6.122661608961136315e-01
5.709301872703432812e-01
6.521008028681678503e-01
6.109233177782350532e-01
6.586546311466499048e-01
5.899372640401869816e-01
6.591870706311195871e-01
6.015581807828063177e-01
5.073995580351385870e-01
5.949574592156069430e-01
6.062462490787641212e-01
5.506589866873204953e-01
6.156012619161588262e-01
6.321007306511374768e-01
6.073195946793868982e-01
5.806041985869921929e-01
5.050251837027642798e-01
6.456384274415282176e-01
6.143341075500474702e-01
6.316289688614982190e-01
6.477433343012198863e-01
6.343153287074209112e-01
6.079380606705239165e-01
6.414335578420119477e-01
6.029631826274113315e-01
6.302057385923346411e-01
6.094500648861697067e-01
6.888686905907482894e-01
6.413868037405208167e-01
6.370369003065230462e-01
6.441009730871503081e-01
6.097940434062364412e-01
6.140671124674317305e-01
6.340350947752857458e-01
5.823739726953024443e-01
5.881606911529797532e-01
5.867712447574899848e-01
6.526889621432587774e-01
5.936376614603726676e-01
3.215704889513320563e-01
6.634803047785865493e-01
6.365644105609747916e-01
6.332168113157639056e-01
