1.536733399384837995e+00
4.676039101412794996e-01
6.762475640202129101e-01
7.632959407349821923e-01
4.077220884559624170e-01
2.243606294478273921e-01
7.309478307639427630e-01
7.255164844279354819e-01
4.842178264376340024e-01
1.046806237248952387e+00
8.002606990640289686e-01
3.368671536779433429e-01
7.020618070664341737e-01
7.523048238936321797e-01
9.604961940471004045e-01
3.057943458196415998e-01
5.945987613181421549e-01
5.264085843200860815e-01
3.725448368094360085e-01
4.838827288201528742e-01
1.135613897782216553e+00
8.839764509623189159e-01
6.138200820316513928e-01
7.346250136035030742e-01
3.839518957265432020e-01
9.628360985726145405e-01
5.705546102173312262e-01
8.024772042418316653e-01
1.845248380641977715e+00
5.541568849715202694e-01
5.415211178645793488e-01
7.761384337088879093e-01
1.202509044645657665e+00
9.482385344397640248e-01
3.108585961757994176e-01
6.811051305081446960e-01
8.573337897874837576e-01
3.014865262216936403e-01
5.210646409186434624e-01
6.229772751048441304e-01
5.863846643848699136e-01
6.893090058968632805e-01
7.867948787319861692e-01
7.220078683452778590e-01
1.439624481038952464e+00
2.088433683633598381e+00
7.698206262935184396e-01
1.004009995844213687e+00
1.838649678945831090e+00
2.584264704566217041e-01
1.558834117336649783e+00
6.307627124554915365e-01
3.647955685087870270e-01
6.945439857121146199e-01
1.655607256103515112e+00
7.369710590640351500e-01
7.941255833257606644e-01
4.840200595471469414e-01
9.954214093048451284e-01
5.937694632025785069e-01
5.821079530646973144e-01
2.013350989435107152e+00
4.562610154049215883e-01
4.660665164059104026e-01
9.999488459922341033e-01
5.921090044327712576e-01
7.602288227422161482e-01
1.075723747189604396e+00
4.932535369688385574e-01
1.549886240678452820e+00
1.927057991019271777e+00
7.012305249836895404e-01
9.512008246423945268e-01
7.720550389736596797e-01
8.531004439689368057e-01
1.139453717030718627e+00
1.025496332058987159e+00
4.996603927460202543e-01
9.417922973010930399e-01
6.699761356913120913e-01
2.523198011916050199e+00
9.573361595308179650e-01
7.022133424031660187e-01
7.545800164732994197e-01
4.234791014702559697e-01
4.090975161901448387e-01
7.165547032828315510e-01
4.536264205368127356e-01
1.101203357959344986e+00
7.215371573456755838e-01
7.487458388556874622e-01
4.837111831229356507e-01
4.711414547544106046e-01
4.484658188780341059e-01
5.579703773174670145e-01
3.860505423668953440e-01
5.253151015282231384e-01
6.739778710143475848e-01
7.309219510271265374e-01
1.366092551672414057e+00
2.962824776089033052e-01
1.100037420706309055e+00
5.068721671467830703e-01
7.587351332881606680e-01
1.957388874462554273e+00
4.935963824171001324e-01
2.676767606705800495e-01
6.023038839485576057e-01
1.031833945402584884e+00
5.644896100562291075e-01
1.525712693760559180e-01
1.387560001989810443e-01
5.355358788082913435e-01
5.929937513046318331e-01
1.715868493509310033e+00
6.837671010422189388e-01
7.963968985309226589e-01
5.667793026897451902e-01
5.116492471264757480e-01
1.520338293588409773e+00
1.613555478191584402e+00
1.436233068196746676e-01
5.458477305128504042e-01
4.452382946285793897e-01
1.222307646110737833e+00
6.527550518962991211e-01
1.134934061374475389e+00
1.097700305637232754e+00
2.939017576953002475e-01
5.244295538248582300e-01
2.880575573978201298e-01
5.757403420037676689e-01
4.831085172462734056e-01
5.575760302548570246e-01
2.092076553565469066e+00
6.235088428881604417e-01
2.859154928627829495e-01
8.602371400245087951e-01
7.115208439218758674e-01
1.165759229031659849e+00
1.237454531634710087e+00
1.492570145271198356e+00
7.824846453087415110e-01
4.862460781096497042e-01
1.016991086841561476e+00
2.047407579882189188e-01
1.733707231583045294e+00
2.396324965981921462e+00
1.279313888823346845e+00
1.498845224434266488e+00
6.973073734887128561e-01
1.372780114691222186e+00
6.628252645395712461e-01
7.014975290022580356e-01
1.295362344475778471e+00
5.788923381317286898e-01
3.307888138680837864e-01
1.885412439410287799e+00
5.481238611048689924e-01
3.328357175710180416e-01
8.267246347742777113e-01
7.255576905442049362e-01
9.705374294165878268e-01
1.043009832227351330e+00
6.860108501162961447e-01
7.275328104291524101e-01
1.383466686342225360e+00
3.109648454007496454e-01
6.003433152202007905e-01
9.623398983968145526e-01
9.752351057000104850e-01
7.695261842525997764e-01
4.920427912735897413e-01
4.514861570733327278e-01
5.000150377383453248e-01
1.100645608978939594e+00
1.805359164766086044e+00
7.144293493238550452e-01
8.930829286478050300e-01
6.400025449887235540e-01
2.197855017984532422e-01
5.199331165114345898e-01
5.904914941059787870e-01
2.847670882280178839e-01
2.014231310646758200e+00
1.157159598508756826e+00
3.905030041203193525e-01
1.174854421955107364e+00
2.385704001945619712e+00
6.499841923490928819e-01
7.419697354375692777e-01
1.377855204079548646e+00
6.138584059807967730e-01
8.130439993112732466e-01
1.028991353845882140e+00
6.836310991838835394e-01
1.303678123215902707e+00
7.273126192180914273e-01
4.442700016912818350e-01
1.314411729499977532e+00
2.060030529504600860e+00
6.709030628310905797e-01
6.098772822202104260e-01
5.966955418547855716e-01
8.779280894510124167e-01
8.384817229240668635e-01
1.299051055353745321e+00
8.743163110941680749e-01
5.317078676978707064e-01
1.221920223877068334e+00
1.100800929310925103e+00
2.144802867376030542e-01
1.743160932585349654e+00
1.133095407583912362e+00
5.587851386369567797e-01
4.423809548482268705e-01
6.897808097224226165e-01
7.907795785776987607e-01
1.334696054815430299e+00
1.738053019078182659e+00
5.305771202248840135e-01
4.489384338807311803e-01
4.488735275026689564e-01
5.398094011284740867e-01
3.438501025867458649e-01
1.238787620732872297e+00
4.498704938901325057e-01
6.392919847638189879e-01
6.611895800224908415e-01
1.680922364816248793e+00
7.213109426236344879e-01
7.773584137344391465e-01
6.322156278817483432e-01
4.707157940409654184e-01
5.524657460714842427e-01
4.229672632493871598e-01
4.280958578075542698e-01
1.718896607325042236e-01
5.313785849356784663e-01
5.742975554271042560e-01
7.050028163705602813e-01
2.091432875037844974e-01
7.719069785772789682e-01
8.456670716810994470e-01
5.468191376859854458e-01
5.394130827579551868e-01
1.404667288057677599e+00
8.787106648767397665e-01
3.126881134914720195e-01
6.310042900385663955e-01
1.078162355914622950e+00
9.554875257523945953e-01
6.955144539521629365e-01
7.072712357494659319e-01
4.397372098444147781e-01
1.029608014802288585e+00
6.123593060548319089e-01
5.928016619827378708e-01
3.081769263331196052e-01
4.726426952686482719e-01
8.962664404219652381e-01
4.308685929574105344e-01
8.437204694325367571e-01
4.237162825858437620e-01
9.489572631147371595e-01
1.669912045086491270e+00
1.620652815236391486e+00
5.556539116736417538e-01
9.011062688671238607e-01
1.556093448042532801e+00
1.008294397042965862e+00
2.473179772529189580e-01
5.931649499799087621e-01
6.333905452110787371e-01
2.681546546247973506e+00
9.402313120991757645e-01
5.809292393256944020e-01
7.824080226149420225e-01
2.078915530001470113e+00
1.188764706599749976e+00
6.637819427162784391e-01
1.294118785058632648e+00
5.032497334328409622e-01
5.894435555003928462e-01
1.396739256960335185e+00
1.430739441538281032e+00
6.358271508912336500e-01
1.368423029015211734e+00
2.074616460408395202e+00
1.827004296688377938e+00
5.775586313358876955e-01
1.220752003983759826e+00
5.524011317330087545e-01
1.014336236633359478e+00
8.386772194522915669e-01
3.786699210778309288e-01
7.051191599499462281e-01
5.729050937509271302e-01
5.827031899492449707e-01
9.089135706346082033e-01
6.279850716847751313e-01
4.195447057637782806e-01
2.629287428820921146e+00
1.408749411618884340e+00
9.624356596500528438e-01
2.040881393017063561e-01
7.467694729422430511e-01
1.063788793429282675e+00
5.297007076814034265e-01
5.704045483402803152e-01
1.132053324884866097e+00
8.370100796116504149e-01
1.823204048383168629e+00
8.265403661500489996e-01
7.204155743507484333e-01
9.794233078969939443e-01
3.658396195716870358e-01
1.708074323608441469e+00
7.576355016883279392e-01
6.379125763284733130e-01
7.692763730418049617e-01
7.610174831843654619e-01
4.867278900304046751e-01
1.032933829210748611e+00
3.946170243449067527e-01
6.169459437662280221e-01
6.997287762758984675e-01
7.376583889551225903e-01
8.437579995796166132e-01
2.790638523857260078e-01
6.148824521198211768e-01
1.032862416528084193e+00
7.005466448177180006e-01
6.763920247881165526e-01
1.643069104411216397e-01
8.852193409458102291e-01
4.686308594848898612e-01
3.051008494983145636e-01
8.581138805799669589e-01
7.600069125008581672e-01
4.638198688083252086e-01
6.541588254485146692e-01
4.666832625317119954e-01
1.643788920811611209e+00
4.746093064074544121e-01
9.500171448732981361e-01
1.112684383252022569e+00
1.322150570485203458e+00
1.282289301497040013e+00
6.743571541725551510e-01
7.004653381746723806e-01
3.417242720481948881e-01
1.603251676157906314e+00
6.243084006019576915e-01
4.851756432402430930e-01
1.077025309860794700e+00
6.891206280024640973e-01
6.780735510794886345e-01
1.006786128382071155e+00
7.549876369050084746e-01
4.858970891362370259e-01
8.590954265451440364e-01
6.271560704794989505e-01
2.486150241320351506e-01
5.052436336253092186e-01
1.088042910821595655e+00
9.332088045093407391e-01
4.877694905859382146e-01
1.082193278140364701e+00
6.204522911909763350e-01
2.130874060343309839e+00
5.066400862903600588e-01
1.963967654051921530e+00
4.767660021897239253e-01
1.135242100109168151e+00
7.561248587835943669e-01
5.437919806158536540e-01
9.206841103025161788e-01
1.146016333378937047e+00
4.139571515195060725e-01
4.213382060692018038e-01
6.079487785252155607e-01
4.865003842341104057e-01
1.830412281753417858e+00
1.251881216023249310e+00
1.883158738233459140e+00
1.107664490421411685e+00
1.205071156968734680e+00
4.714452634847546841e-01
8.086333571317855240e-01
1.019947507596736802e+00
6.423929341504560631e-01
9.837994656330101284e-01
3.787549443621182066e-01
6.983022506530789375e-01
7.559908445026832791e-01
6.655844485159275736e-01
6.636521181108636647e-01
6.556845126214506658e-01
4.033195490078219647e-01
7.273476883290627137e-01
6.705634414129107990e-01
5.012911360339534772e-01
1.193391128098780118e+00
7.524604198795145082e-01
5.211304111459408306e-01
4.233795896883236765e-01
7.479267508444704671e-01
7.718426785238339249e-01
3.685343502695961337e+00
9.447520231225657872e-01
7.179401049488088882e-01
4.065776483328468749e-01
1.333150435880364748e+00
3.430137032583794876e-01
4.331453210879816496e-01
5.315569484870059647e-01
3.799234396154353988e-01
5.189589038249913244e-01
1.089194021350974539e+00
1.549898616066301971e+00
5.216803051579215200e-01
1.800096813711670407e+00
1.703307500884902792e+00
1.526711955632588547e+00
2.446812456619497755e+00
2.821350501864494098e-01
2.956083478536264963e-01
1.259913041267764822e+00
4.729481071426890337e-01
7.992248386845071106e-01
6.756232363698293497e-01
7.091067809386356613e-01
5.453242907086910396e-01
2.048525124071401748e+00
6.233600576423588002e-01
4.159765872153138311e-01
4.116690581331606258e-01
9.057320855249986202e-01
3.964883342898902763e-01
1.183493759543115642e+00
4.830651059889184418e-01
1.262216551367027595e+00
9.792076192821744796e-01
7.790248867013993550e-01
3.046606315894190842e-01
4.312435601148896236e-01
4.093489544338702046e-01
1.029209965097864332e+00
1.624258504542004600e+00
6.466833366663017335e-01
2.657333882783524004e+00
5.262438042695284368e-01
6.943161051908249837e-01
2.029881551597534362e+00
1.420320878001367415e+00
6.309040971376864704e-01
5.294119214022586783e-01
5.451187327517409420e-01
5.533308650005314133e-01
6.759029010216165423e-01
6.434626431052224982e-01
8.434200683525926445e-01
5.828608350708109898e-01
5.685428006636933373e-01
9.830747773043494453e-01
6.360452500956290667e-01
1.097645305438759156e+00
6.095534746795160386e-01
3.164396412931058111e-01
1.045675043522065195e+00
1.530862698896593654e+00
1.048706418010862729e+00
6.551151673412738408e-01
1.012902855059649054e+00
1.585200802888041549e+00
5.739485020338248589e-01
7.754673711937839498e-01
6.300041535231398759e-01
2.199803367912122276e+00
5.594940206647593950e-01
6.863757378801503828e-01
6.961658093003337822e-01
6.920856712682595946e-01
6.527980351309925489e-01
6.663600634671605905e-01
2.375194822731327149e-01
2.347854370964812531e+00
5.636035778453122314e-01
4.623652729091166091e-01
3.080223709959152512e+00
3.607401432043287892e-01
8.649190432124316263e-01
6.268742016275153928e-01
1.237511763620630978e+00
6.549307765233889356e-01
5.239276761832201146e-01
1.066476537764790011e+00
1.004658085375736531e+00
5.690198636238148477e-01
6.295709431444942439e-01
2.248546458836594208e+00
9.117983627944031833e-01
4.370520913993496959e-01
4.765687502289019384e-01
4.695771509561463275e-01
1.001690212593525198e+00
8.052122140848331222e-01
4.560511941652773960e-01
4.920809497420774448e-01
5.789396264544399706e-01
1.543083440776747528e+00
1.220046111882153284e+00
1.887951198780059681e+00
9.527994646249666744e-01
7.444788717276799028e-01
8.539088165434888245e-01
9.512757042612197678e-01
6.478136924897633930e-01
1.332554226892562754e+00
6.549235639023875954e-01
7.146222430094181233e-01
1.381153676698911204e+00
1.148298090717251974e+00
5.689704033818165918e-01
1.152081896274654405e+00
1.784741917802111999e+00
1.180083059859120542e+00
2.044995801114257716e+00
1.227312493475644528e+00
4.731181436538202112e-01
5.337400984486665445e-01
1.752207293169645075e+00
5.817742669168652903e-01
8.367368669093210309e-01
1.533316419755421878e+00
2.088378143077645799e+00
5.937829238395456732e-01
2.288961174066196647e-01
5.749648404755430819e-01
6.730469183812654022e-01
5.467314962763180075e-01
6.411490861741588887e-01
1.081279244435622511e+00
8.124663701670234994e-01
4.430925256031110204e-01
5.964429577751400036e-01
4.640398844924715771e-01
4.357739598758946786e-01
7.741892524892384220e-01
5.736366526169125457e-01
5.719705419426427406e-01
4.532208545628498286e-01
6.273281839475514099e-01
9.765154823978644538e-01
4.338365101572086990e-01
6.516258448490137578e-01
5.284021528979302440e-01
6.511877663354428414e-01
1.670225797667959533e+00
9.191303456564930974e-01
7.866929033833582885e-01
2.495131048467425505e-01
1.764327728348207946e+00
9.935354424452728095e-01
4.850172636376378632e-01
8.909436845881177902e-01
7.514576635285223905e-01
3.732812662404639825e-01
4.256725284607428827e-01
1.070388327157392849e+00
1.397337791643555205e+00
7.116682563197538336e-01
5.407809473717647419e-01
2.201056459857499981e+00
5.778714276582240794e-01
6.545649740009971129e-01
8.559075374410328729e-01
4.380788682799083289e-01
7.515920698641719300e-01
4.802053099734931996e-01
1.540168295034405110e+00
6.767562943318350399e-01
7.893027321567571697e-01
1.421410007984042212e-01
6.323787398583112784e-01
7.938975682257407573e-01
5.171748153056335839e-01
5.083163755325795785e-01
1.090678109990121492e+00
2.854510790766902617e-01
6.022745725055244082e-01
1.529755546262818733e+00
3.912592077753665465e-01
6.846213645781630275e-01
6.972286016821648280e-01
4.318275990570094036e-01
4.842057625579209712e-01
6.460868641945350932e-01
1.653775669350386002e+00
3.292664082771160072e-01
6.006563965032590824e-01
1.501855910549905471e-01
1.238674660858585908e+00
1.331406391984418791e+00
7.966616975017487556e-01
1.841431896156137116e+00
7.630785078939067434e-01
1.550207644156727627e+00
4.024833921369320722e-01
4.495329759828251004e-01
3.324552352037649094e-01
7.165069286523911840e-01
7.040475659012344067e-01
4.406522580292970281e-01
7.185276605365753522e-01
7.769046934369031598e-01
8.834634849907813114e-01
3.011216056133186325e-01
1.059780718215573625e+00
4.671320681479447789e-01
6.629386811084959641e-01
8.850240526763264448e-01
4.672013196243766098e-01
8.160125233659758504e-01
3.017861793583069274e-01
5.463752769192457004e-01
1.032285577013386968e+00
4.478564673176648747e-01
7.056647740760679799e-01
5.046662731160432847e-01
1.824938524793437988e+00
1.205780266345017893e+00
1.029009939944248719e+00
1.338242655866029640e+00
8.103871090885761408e-01
6.716618392283945083e-01
5.824236503300804779e-01
1.051255447425869738e+00
1.356315926633259838e+00
8.090754090619242112e-01
1.041381404164898994e+00
2.894786319385319828e+00
4.792294883148741080e-01
9.300385012620043801e-01
1.403223730505232414e+00
7.163818631954688154e-01
1.343329094881633212e+00
5.690135343193193362e-01
2.109650082253260894e+00
2.800320357305078334e-01
6.012113036258263099e-01
7.336435846152248308e-01
1.088950623659047601e+00
5.482676743047669721e-01
5.137664371845236388e-01
9.749058486342088159e-01
3.708163156743889410e-01
6.088391262764867307e-01
4.562174811215219949e-01
6.063053759662407893e-01
1.567922379323847482e+00
2.566511337548467164e+00
2.186399865741351090e-01
1.464989414569808801e+00
9.168432629209170015e-01
7.228369960042626552e-01
8.130138939587681080e-01
1.015082083726016604e+00
9.196986860165936584e-01
6.664204288331895265e-01
6.931782807517967715e-01
4.964144791538833701e-01
5.293079503800842689e-01
4.359456326233573376e-01
7.961594968853611398e-01
4.269835802164914651e-01
3.904886084619073050e-01
2.676003419430126318e-01
5.465458406257980295e-01
1.289480059228790276e+00
6.519952544866143285e-01
7.121428777366572982e-01
8.027953930306849228e-01
4.942133069355204578e-01
6.409437081749048692e-01
1.043929975927733178e+00
1.481689081233532379e+00
5.749336178666532016e-01
4.653507018289070873e-01
1.341883495397153014e+00
6.544874864807066484e-01
3.959851602411619820e-01
5.677720814773868918e-01
7.757902960738202180e-01
2.206188219061990530e-01
1.310465062321082508e+00
3.634828811261009429e-01
7.532878071319629720e-01
1.132342750923961860e+00
5.765908909958377127e-01
9.495389570396577383e-01
1.223075099255440445e+00
1.600691832419727456e+00
3.684503235039168212e-01
5.220496833690508875e-01
4.746405838369726626e-01
6.944572943299361922e-01
6.167244819989674554e-01
4.881112648084389161e-01
6.999926510545363412e-01
5.741818169995368537e-01
8.625935750065669705e-01
1.955750234259457931e-01
9.166351234053684571e-01
5.691894775266336248e-01
4.105360272233978813e-01
6.181531906635755469e-01
5.300820827995781359e-01
1.084969470253177581e+00
1.065771600919398043e+00
5.945608512855843353e-01
1.542071141396242351e-01
6.929868935445038236e-01
5.577079180745714293e-01
5.324416999908189174e-01
8.156356405322704450e-01
1.571200158487870091e+00
6.664884918017857096e-01
2.225008558658351898e+00
5.633249742332634424e-01
5.385887718865823848e-01
1.148498223271781082e+00
4.950713991842264905e-01
1.628844011072152709e+00
1.046430076810579202e+00
5.734164730742673521e-01
9.579719497557408481e-01
7.830410300471163376e-01
1.001529409528454817e+00
5.756408075044769923e-01
5.342518165834562183e-01
1.821608065545029964e+00
8.125615498271629988e-01
7.447487025880632494e-01
9.820689237717781239e-01
3.109985159375469599e-01
5.849753746020803780e-01
8.890502759655561915e-01
8.262080359095839155e-01
3.389470119880085841e-01
6.698658377265627184e-01
5.122756983779338524e-01
3.745674681272376239e-01
7.560271918774443822e-01
6.626351509936492246e-01
8.031215108344683662e-01
1.289042281387762445e+00
1.131666661088401860e+00
1.335336661202229047e+00
9.078523738122966646e-01
7.267053179211686587e-01
6.365534038149960328e-01
1.320338264289614705e-01
6.515363488185911267e-01
1.036911896190223059e+00
1.652721919037345721e-01
2.673748942119665628e+00
6.400847442687371824e-01
7.190656663229570977e-01
3.108182103229417681e-01
1.374406180454611048e+00
7.134147379845021675e-01
5.048504770503742245e-01
7.045297081538366424e-01
6.524021594141662383e-01
7.599628356077563485e-01
6.137489347716006405e-01
4.579143452042097051e-01
5.575038862734562617e-01
8.417767950217271977e-01
1.578054349689303582e+00
6.529872576228827885e-01
9.676763878898220206e-01
6.231138471339701113e-01
1.214118217520502085e+00
3.115202199928503446e-01
6.445945993381311245e-01
6.412054769529382803e-01
5.191037658633983476e-01
1.465317264909798523e+00
1.025808665394239094e+00
3.367926372204199104e-01
5.737684474483553121e-01
6.044398481191063377e-01
2.180682706710112218e+00
1.446543901703385981e-01
8.324994655696914547e-01
1.905432804114164103e-01
1.241425623033024062e+00
7.542018667144960720e-01
1.537601542552985423e+00
1.153970261987782964e+00
1.803960963207223767e+00
9.475563810650655672e-01
1.014149248524179425e+00
1.673644124087708684e-01
8.522973877213283478e-01
3.229509556554015504e-01
6.439818915966175616e-01
1.204239555899550229e+00
7.838378023035652564e-01
1.960176467481705043e+00
6.322519441914166149e-01
5.664490999115410208e-01
9.215315930926016863e-01
5.444137111941449447e-01
7.622649989843895968e-01
7.332352212224916288e-01
7.904417864913383385e-01
8.123541436900454382e-01
1.279742930074570850e+00
5.999894599626404146e-01
5.279847636676303635e-01
6.397338861852481795e-01
3.808064929379309516e-01
5.788904569634930608e-01
5.040298691301744460e-01
1.013005468988703806e+00
4.827964142539336589e-01
1.039327204086714751e+00
5.361294018890309099e-01
4.172340318798449799e-01
3.362772032043181980e-01
6.161672465171772473e-01
4.685596074623293306e-01
1.553228146090096073e+00
9.337960366199938855e-01
3.725802062838451945e-01
7.665983074807277697e-01
5.410025549054146010e-01
9.753932622304046784e-01
7.770619177206025130e-01
5.486848323898464441e-01
1.338562861392786685e+00
6.229731199886597848e-01
4.777382141877690724e-01
1.182904663080540208e+00
7.503769331967489187e-01
8.226071407308898076e-01
1.513843313345347497e+00
6.880027221981636076e-01
5.454984741711237373e-01
2.132411250866970587e+00
6.496078074196071084e-01
2.361936731709942894e+00
6.644256774915618946e-01
2.095710799022394710e-01
1.004201166875179130e+00
4.553775089930974795e-01
1.253131309051072284e+00
1.456559331284975167e+00
9.960583610506110741e-01
1.448422681548415802e+00
5.240984665702677070e-01
6.484209507310719767e-01
1.201204630611345747e+00
7.895065086308589164e-01
7.934061524159319312e-01
4.239507787219240487e-01
4.162427292608946727e-01
1.428045775088407687e+00
4.539629942799723317e-01
2.794802143499157676e-01
4.944017707496137781e-01
1.581003133602735478e+00
1.734156470064981415e+00
1.476196246502780307e-01
8.671980787149250469e-01
1.123959109695335190e+00
6.317424918910432563e-01
6.016810031664879821e-01
7.941570362609199352e-01
6.562799606618363590e-01
4.333872628568671836e-01
4.526910564838978468e-01
7.463750300244417213e-01
7.900597036679184448e-01
4.853999828686432760e-01
6.589450639490505024e-01
1.854246327035255493e-01
1.684316754189779664e+00
1.217894770935753712e+00
1.157459014850884982e+00
9.141367592053197821e-01
1.427442047517071044e+00
3.009805530510232807e-01
8.521576062170632682e-01
7.052867134052557274e-01
2.312357547815350856e+00
5.297432897111676864e-01
2.138648194528942337e-01
3.641172447505981458e-01
4.324679574658874537e-01
9.546298688314474035e-01
3.710114820227916055e-01
2.066852074808603223e+00
1.181231968162866686e+00
1.885429913129555324e+00
1.712648507284860511e+00
2.581889112455701074e+00
5.816006271335431022e-01
9.858278162660465416e-01
5.087638215918157680e-01
3.040419653689112600e-01
2.194241779996582764e+00
1.488237608307515281e+00
4.545427203065924848e-01
3.418511449754945142e-01
8.525113871203312543e-01
7.204893537319191354e-01
3.164896936564733365e-01
5.565427335762084260e-01
6.414382625996196685e-01
1.184708245147454653e+00
1.015649364157330814e-01
3.038933887229223751e-01
6.039012116797957130e-01
1.261579468304884655e+00
7.616866196469876948e-01
5.537660798629940873e-01
7.563721772952035627e-01
4.298636272740758435e-01
4.706889008959033727e-01
8.540394701997300331e-01
1.155155273847371378e+00
3.648676369832993815e-01
9.529115115806846559e-01
1.196942095745926915e+00
4.155183570751062594e-01
7.298346779379665250e-01
2.844678055610427303e-01
6.053571511104270941e-01
6.069298962771610961e-01
1.714518608045772163e+00
2.002950642878997378e+00
1.703993144604210586e-01
2.779296287678219457e+00
5.552705711109485742e-01
1.080780187887565802e+00
8.621180662553720175e-01
7.061726104320358299e-01
6.538683066347287243e-01
4.145846511963877656e-01
6.390808266548004823e-01
5.705387340166054866e-01
2.152772248089874552e+00
7.815274095214007621e-01
7.241275225164395257e-01
1.437157028199449682e+00
7.051187728948266065e-01
6.757113329778680066e-01
6.781635422130595225e-01
5.346093959298633402e-01
1.808708507607504901e+00
7.647197188607324225e-01
2.098870536188427727e-01
4.733741293733325084e-01
1.161845909467128735e+00
7.749289245679868987e-01
1.573912753892948269e+00
7.900906299152558043e-01
