2.345763568283465439e+00
2.406814352963338344e+00
7.209160736212959220e-02
2.679066332853902388e+00
1.636138589375871200e-01
2.382334378800478270e+00
-1.795749855981565815e-04
3.403860275933714985e-01
8.945435924889296397e-05
5.188199708469301008e+00
2.265026868893510237e+00
1.997125840107793371e+00
1.335419195474074894e-01
2.439866420718977302e+00
3.059759858714155012e+00
2.829695286088473871e+00
3.568979508647150745e+00
3.329921211731586617e+00
3.862609195066116552e+00
-3.031641609397624393e+00
-1.180503395344977349e-02
4.653969468090710104e-01
9.563906530579547649e+00
2.811001363373430451e+01
6.723353680180154335e+00
-1.859553513758787843e-02
1.122423233810810217e+00
5.545815318906372610e-02
-4.505284458231482297e-02
2.416208657979556751e+00
1.297620640896580339e-06
-2.401689118025142067e-01
8.932343339947513368e-05
1.489690869522217742e-01
8.781272017365766569e-01
9.154671434307816158e-01
8.870924918389114788e-01
8.019199228408927516e-01
9.788408087142133063e-01
3.465294757730428415e-02
9.076515452160036634e-01
7.270959395526852553e-01
4.572871000213630382e-02
9.309523255343192805e-01
8.470931551965924511e-01
3.368879123435319034e+00
6.167606326331918909e-02
4.106329246507171155e-03
5.062111484819380447e-01
7.963095698067674810e-01
1.063552600187384900e-01
-7.481887717992183329e-02
2.834519574871874781e+00
4.085449680830769204e+00
1.227997631697318015e+00
1.846159784817157590e+00
9.876714997697751741e+00
1.683905948978913614e+01
5.651335135261364329e+00
7.877796538316788499e+00
2.621653901882951665e+00
-1.488507494777692619e+00
3.383140582356568338e+00
3.357285040119935449e+00
2.755586870758923723e+00
1.982074316420958660e+00
2.655602008691618110e+00
2.920105051989924316e+00
3.047408925072987440e+00
3.233231418711578709e+00
1.259302082012152901e+01
1.038507301007364170e+01
2.061947568269236086e+01
1.348822617005060565e+01
4.987426675704872636e+00
3.799306878554606026e+00
8.472971405794112343e+00
6.777140858754453490e+00
-1.797977544762745794e-01
2.709455173898622782e+00
1.176384983096607995e+00
1.048620754365807040e+00
9.082444676554004559e-01
1.804600568509213021e+00
1.658674727818465700e+00
1.474731866770955691e+00
1.308425788319268257e+00
5.815507439500042230e-02
1.127748948228649295e-01
1.797012766726373778e+00
9.815926984107935238e-02
-1.412265424519652292e-02
1.896099786152146649e+01
7.677945686139809288e-03
-4.564497855724215791e-02
8.902822938790594165e+00
3.637472723781561001e-02
1.485695419922851146e-01
-1.941329013749859278e-01
1.297620640896580339e-06
8.932343339947513368e-05
3.530961635816980831e-02
7.115251697670807451e-02
3.191393225605605011e+00
-3.226312138862419410e-01
1.256818839356849793e+00
4.430817035489633327e+01
5.914423373464530442e+01
3.051378503721203472e+01
1.212199146945354471e+02
7.812422244592762866e+01
1.009473270760475572e+02
7.312085846916508558e+01
6.249666639217559094e+01
1.056749897266650322e+02
-4.824691160466952622e-02
6.554148021855887851e-02
1.868021649315886545e+00
4.472362641331772082e+00
4.832603166657794880e+00
4.837871820682028812e+00
3.787160936959790281e+00
3.933681416675227194e+00
3.345719699391385582e+00
3.453831431512928596e+00
-1.859553513758787843e-02
1.597295362897360098e-06
3.763961432155422671e+00
6.556075893350896244e+00
3.659784240017899482e+00
1.145607565186702885e+02
3.447201631627152985e+00
-5.021731072490877995e-02
-4.881352085796819562e-04
-1.046253210592755778e+00
4.483937260333696329e-01
-1.754557587005082242e-01
9.701607769436450257e-02
1.063552600187384900e-01
-2.173000657540001157e+00
6.694365181287872169e+00
7.727747406215371706e-01
1.063552600187384900e-01
1.146995391411233856e+00
-8.361460637872490942e-01
1.756838024358179928e-01
1.366865867922003187e-05
6.556634129167324687e-01
7.843671626329670188e-01
7.940080737604670036e-01
7.703298487658333249e-01
8.312235747991307822e-01
8.669822086316315568e-01
8.963158426091009101e-01
1.597295362897360098e-06
-1.450076518885326422e-05
6.876396978813247018e-02
8.876445886894750448e-01
1.158839508184043687e+00
1.025754115436454228e+00
1.459435456465183911e+00
1.294406248364689871e+00
1.796743591907626447e+00
1.643986197506316360e+00
-1.945318731709199389e-01
7.150053534124189980e-02
-1.395817064584217379e-02
1.873191288776115115e+01
-6.791416210362910544e-02
-6.765676130178960301e-01
7.099412462976293359e-01
7.192841032740301399e-01
7.296457873881845302e-01
-1.395817064584217379e-02
3.772930647122646253e+00
8.255693761530203956e-01
1.281632624975781232e+00
2.295371416268599862e+00
1.994688539043062425e+00
3.086343508698683458e+00
2.856393408899877251e+00
2.640389469487752105e+00
2.465072067408655254e+00
3.978356505270403076e+00
3.595357506124132296e+00
3.350370299033838872e+00
1.947500771007780074e+01
3.065395806297062986e+00
8.410020517540598206e+00
2.129290223041422792e+01
5.268847459743596140e+00
8.904747394586188136e+00
4.396526138619138102e+00
1.094094770821608620e+01
2.391599252849333723e+01
1.398144857523218221e+01
2.159732183901423019e-01
7.302321440419188292e+00
-1.850709618103844444e-04
1.040262648891893127e+00
1.099078863912762586e-04
3.636270533536990479e-01
3.260618930131890525e-01
4.771811228201552901e-01
1.002761080691055717e+01
1.600866144320899354e+00
1.141977300366825210e+00
9.062181050083524883e-03
1.244240277736706801e+01
1.716728448441494947e+01
6.492374994912653019e-01
1.921702967070576751e+00
7.256214500187381233e+00
-3.996255811655904933e-02
-7.693070240262933623e-02
8.916262445233644196e-02
9.596176499684666572e-01
7.430449337515305785e-01
9.446249119891080293e-01
9.096381907794829358e-01
8.073082634576195238e-01
8.890377415579330256e-01
9.377600507413317299e-01
9.205873740927329463e-01
1.062422240869287116e+01
7.265070001687351509e-01
3.164367977279636812e-01
2.869959948325710108e+00
2.932438639418192938e+00
9.597252110820102544e+00
5.366077414710944993e+01
4.852926629153986315e-01
5.938170584746014669e+00
3.205780017224895317e+01
2.914505674034386473e+01
6.193095261647569086e-03
3.812728224121807230e+00
3.835167567628434693e+00
3.753799383776021958e+00
3.538659144737382967e+00
3.395203298749269738e+00
3.125645313142840109e+00
-4.324729565381238428e-02
1.730685818693840361e-02
1.243836479432312681e+00
2.084099064316597971e+00
-3.550625534613374712e-01
-1.395817064584217379e-02
8.304623719107484536e-02
4.874866019214704749e-02
1.555153741570784831e+01
3.035519743619589761e+00
3.419275380705075751e+00
6.590142342583787283e+00
-3.000942957062703587e-02
-1.450076518885326422e-05
7.247836203033515279e-01
1.350864256079158388e-01
1.235979306442198755e+01
2.104315415210977847e+01
1.453322378427141537e+01
2.476442813917462615e+01
1.372852579530256989e+01
3.317783517889910883e+01
6.735849912427225306e-01
1.992691143012689459e+00
1.780968066604747335e+01
2.198602002875270356e-02
-5.838698771623120759e-02
1.184016886525341983e+00
9.062192687936806643e-03
1.624098869382384569e+00
1.352555876242888255e-01
3.260633477448492412e-01
4.895799607806116116e-01
2.360111557841204544e+01
5.900640646369396336e+00
1.054734518745853222e+01
1.581652690962982355e+01
1.689333226653388254e+00
-2.425718782910825377e-02
3.287234994439875990e+00
1.461995462400865975e+01
4.870069155033506014e+00
4.493395518263108498e-03
8.055030462081015585e+00
1.145607565186702885e+02
9.084748564181296393e-01
2.208282660180502927e-03
4.174972214625272300e-03
1.263465487945902854e+00
3.296014617143721570e-01
-1.077471181765888436e-01
-7.267230714628755694e-02
6.876162476069622165e-02
6.869389574233173867e+00
3.732091773200783447e+00
4.665804495702722932e+00
1.597295362897360098e-06
2.960430652940339247e+00
8.640176080720601837e-01
8.638555276897921242e-01
-8.913979389369004747e-02
8.561593600348693656e-01
5.823102738972301129e-01
3.205966523716284322e-01
8.458297993052720232e-01
7.687583225197375247e-01
9.157329461809486926e-01
-8.499080900542033135e-02
6.517723577706037441e-02
5.263906361832496117e+01
9.227245116465842001e-01
7.424077554654268107e-02
8.466263027111502470e-01
9.741178390833352685e-01
9.506086306315318923e-01
9.039126579108032189e-01
1.210616026487676189e+00
3.954728692023101075e+02
1.297680284894531418e-02
2.342362367837628856e+00
4.569885919944364772e-01
3.093385015097894097e+00
3.418652208573622175e+00
1.694956052353839198e+02
4.514352818978084603e-01
3.368112549683178081e+00
3.088209219508199155e+00
-4.235275206134783699e-02
1.806957108691730696e+01
3.250696144376451713e+00
1.780454225414315056e-02
2.668986753213320018e+00
2.433181023896416217e+00
4.107667599634554426e-03
6.582895457164247510e+00
3.219498641280629236e+00
2.481124894530874148e+00
8.932343339947513368e-05
-1.941339895142678018e-01
1.297620640896580339e-06
3.544919204203769020e-02
1.485675286436674014e-01
2.999074790664114226e-02
1.288547188586500712e-02
4.180696400411525460e+00
-1.450076518885326422e-05
2.631697846703993804e+01
5.252122735711846069e+00
1.887737618489216018e+01
3.800981345975033321e+01
3.943758876773586053e+01
2.954619965901547074e-01
2.382071253917325748e+01
5.709842083058087603e+00
9.426882859183590702e-01
3.500522359224640390e+00
1.505979727441628668e+01
1.167830600571287647e+01
1.617745136832099695e-01
2.365679551710155426e+00
8.959181867638278618e+00
2.500474635298036485e+00
8.933507125275671709e-05
4.687370982757566473e+00
-1.798339278336718021e-04
3.374234956619913683e-01
1.176605974872517102e+01
2.407740336217581145e+01
-1.753468400319271869e-01
6.834329339610015935e-06
2.880807783396538979e-01
1.302839237604073386e+00
4.607184628723052233e-01
2.161968921112877862e-01
1.316214031759836700e-01
-1.437556661798088109e-01
2.760991399625078113e+00
-4.893133084669213928e-01
5.912875591349738613e+00
2.285362702427416348e+00
4.544529344849607355e+00
9.808624522120179545e-02
4.665804495702722932e+00
1.316684020936228627e+01
1.617650262142742790e+01
1.464490151466461221e+01
2.597496878146373422e+00
-3.225277824652016401e-01
4.636835551318919002e+00
9.086652546071352532e+00
3.116548011961238984e+00
2.856166025614914972e+01
4.732633407620798316e+00
4.752345073990665192e+00
4.743016162068901309e+00
9.820045009406493941e-01
5.544628257871661581e-02
-1.859553513758787843e-02
3.094415483000196421e+00
5.523172665013885485e+00
9.147463238930970270e-03
2.039026103704959070e+00
5.053393277975277709e-01
1.844849231610614426e+00
6.319874863984304980e-01
1.672922584999723683e-01
4.054440550934536702e+00
6.261437894596168974e+01
5.830599800406126576e+00
5.300160602375285634e+00
5.676877331207581812e-02
2.421105741535398426e-01
1.108270196037610233e+00
-4.860342065599414507e-01
6.834329339610015935e-06
1.316042518897098945e-01
-4.562954385434598303e-01
4.377279419039628583e-02
1.813870168108475955e-01
1.390578668979317367e+00
1.998295671299638476e+00
1.447642432775280152e-01
