3.290541026228916408e-04
3.320138396093474248e-02
-8.372659659054869363e-02
-2.862738369553412265e-02
-1.349391257906078778e-01
-1.840929239376694337e-01
1.479653957429565882e-02
-1.620838872649459639e-01
-9.120497224030361949e-03
-1.191554817038453958e-02
7.448199385232541492e-02
8.394588801982716397e-02
-1.345958945570098209e-01
8.299317936396496953e-02
7.553556069852110366e-02
8.237111981899894464e-02
9.576894297757045094e-02
6.819195253704614379e-02
9.535270868452401516e-02
-4.451943996908600681e-02
-5.399537778729640580e-02
1.175502482335062659e-02
1.369400949597513184e-01
-1.312219387225149192e-01
-8.525960581379250780e-02
9.281377981563210255e-02
4.548098575588008230e-02
-1.002102040406766953e-01
6.569736598223578812e-03
3.268698693560317947e-02
-1.702801301174233003e-03
1.323188880507857323e-01
-4.797420511616080387e-03
-1.359583660182827336e-01
2.910893295866536640e-02
2.385632550281537381e-02
1.196571053433808686e-02
8.132762599960539907e-02
-6.198413916359135634e-02
-4.067709568331891873e-02
1.226885183460035660e-02
4.542430710574296010e-02
-6.703415697378735383e-02
-1.613123940009408841e-02
-1.151407836789143241e-01
3.643615988859873894e-02
-5.062397045318169780e-02
-4.429180286812325895e-02
-1.332298714240315596e-01
-1.309256814726178775e-01
-1.172765063367447874e-01
2.203474835983020366e-02
-1.110839493269476785e-01
-1.038775326887404205e-01
-1.265034188101546442e-01
-1.223918429635242749e-01
-9.612539356206753483e-02
-9.889276270010889658e-02
-9.653624603242930147e-02
-9.939207044385631185e-02
7.822277663630233802e-02
8.809606585510858234e-02
7.860814499574554290e-03
3.505681309108721333e-02
-1.017214322922867648e-01
-1.053637207184771607e-01
4.843128070430403886e-02
6.071155501929609288e-02
7.244258035087688952e-02
4.777958017452689499e-02
-9.278149021834336541e-02
-9.081775159048945112e-02
-9.915769190453312121e-02
-9.127945021664153613e-02
-9.234652212231594937e-02
-9.581361541842550733e-02
-8.712513115292994104e-02
-8.690426366152559368e-02
5.126569946214602769e-02
-7.107471168301492115e-02
6.640356451237937330e-02
5.197159558251995132e-02
4.236779263612838742e-02
9.239405516220632053e-02
8.582084222889982406e-02
7.075612575476801502e-02
7.082971672319918199e-02
-1.452345535295079815e-01
-7.430372250783992549e-02
6.515624308473530815e-03
-1.145268108322541195e-01
-3.485981559062448654e-03
-9.003953810762170551e-02
-7.084900105650818181e-02
-4.715877617406235428e-02
-8.743332735441931847e-02
-1.289288940289595176e-01
-1.362392696589675989e-01
1.568703190376805612e-01
-1.702801301174233003e-03
-4.797420511616080387e-03
-1.116257575761292198e-01
-1.642018508776708630e-01
-4.464993259873840242e-02
1.831057250206193920e-01
-1.698561092841124054e-01
-9.251611588527500207e-02
-9.514984689650028693e-02
-8.912470278402925827e-02
-1.132893195604814801e-01
-9.842129917004210915e-02
-1.040058393646253881e-01
-1.011059303318904701e-01
-1.086131649114506353e-01
-8.386848154897792729e-02
7.271344029886799010e-02
-1.600427907367225622e-01
-8.627483018936077386e-02
-6.778061382331297680e-02
-7.496369192610392862e-02
-8.037608162784108667e-02
-7.406120645109555423e-02
-7.941809241140286579e-02
4.123469872387783286e-02
-1.211253304167377171e-01
9.281377981563210255e-02
-1.702801301174318004e-03
2.671665747364428828e-02
-1.082203945994848898e-01
3.841798497272116281e-02
-8.878474536334420020e-02
7.450996126725649427e-02
-4.181378029119167672e-02
-1.111650372336322676e-02
1.604815868953412827e-01
-1.439650591715725958e-01
1.036090670459569596e-01
-7.973195608690773761e-02
-1.172765063367447874e-01
1.289601540141438185e-01
-7.796380876042703634e-02
-1.659788005177488535e-01
-1.172765063367447874e-01
-4.351089825190516264e-02
8.418016273954324891e-02
-1.586984036258659303e-01
-1.702801301164298458e-03
2.806124474084876683e-02
1.179297290274649093e-02
-1.395888812588291263e-02
1.423099534736211799e-02
2.868049406072958885e-02
3.945375162791114887e-02
-4.198721557541753441e-02
-1.702801301174318004e-03
1.702801301176636462e-03
-1.211740533522630281e-01
4.114494430290793758e-02
6.733962024482596787e-02
5.432948012072110616e-02
7.094710458774415585e-02
7.196013092737443828e-02
9.206025858692676311e-02
8.835726787716359498e-02
7.452814304392903211e-02
-1.643118729480673723e-01
9.032789756104746270e-02
-8.744725510012589520e-02
1.751579237630488881e-02
1.516770593488622476e-01
-1.096520280046169721e-01
-9.766322410078367988e-02
-1.220756186941764354e-01
9.032789756104746270e-02
-1.886306897508600779e-03
-8.698586728998965178e-02
-3.071450955554585679e-02
7.119357217004405880e-02
8.781464788319058579e-02
7.445149161265307569e-02
7.662919462683059901e-02
7.487901733592819409e-02
8.076637591242318004e-02
-7.502810791556867309e-02
9.124976849866055228e-02
6.848859343963147051e-02
-7.480086460408694182e-02
7.189147942468873675e-02
-1.482029515197587632e-01
-1.057818459338343009e-01
-9.434254296871594225e-02
-8.820740868710458260e-02
-1.597697840707950900e-01
-1.231786229911210617e-01
-9.437145176638699062e-02
-9.936791833469207913e-02
-1.298114276754586127e-01
-1.432312277455276561e-01
1.448941062696052287e-02
-1.388238846907563218e-01
-8.256759970603263360e-03
-1.603522733906306286e-01
-1.470819357783096082e-01
-1.815892117979190645e-01
-1.082546474640667424e-02
-1.341384902108360699e-01
-6.041151155818091228e-02
-3.440909407921438623e-02
-9.872477654121368518e-02
-6.438601427262613530e-02
-1.117347305136391911e-01
-2.391204626065086131e-02
-9.582156075412903706e-02
-2.975652316522424054e-02
6.308038299087057044e-02
-6.437444405975996375e-02
-5.319636298829661519e-03
6.514831296339432254e-02
-4.259992076294052965e-02
1.342119514401048444e-02
1.019702289950590868e-01
6.102271645974517017e-02
7.044954726834849745e-02
1.581724322341284544e-02
-2.201336712201935192e-02
-1.765185102723424160e-01
-1.346904718820593205e-01
6.031515084614271632e-02
6.055369652957152959e-02
-5.938925828899632720e-02
-1.122489775575879895e-01
-1.421158413537038367e-01
-9.698862241723044120e-02
-9.679950142492184384e-02
-6.900562680534751137e-02
-1.525374039182769703e-01
1.002851666241204830e-02
2.880655215988126711e-02
4.386397988886307081e-02
8.453069368843321718e-02
7.698959006062897070e-02
7.303141215714117895e-02
2.844720160659776342e-02
-1.183189137590195256e-01
-1.080774177983476886e-01
-1.597336316822621227e-01
1.770405169908637333e-01
9.032789756104746270e-02
-1.576923885519042612e-01
-1.172815920209166196e-01
-4.637714855650702794e-02
6.438340272459351643e-02
-1.323587657404772244e-01
-6.185669826917162412e-02
2.581992517821741356e-02
1.702801301176636462e-03
5.699243665822122107e-02
-1.538882639749336589e-01
-7.956498339352474636e-02
-9.288232136837273889e-02
-1.148576519535975810e-01
-5.678641572246215241e-02
-1.192652779911324151e-01
-5.729382282608457694e-02
-1.114059850127974705e-01
-2.347722900544439023e-02
-1.061442004612742490e-01
-6.947373677502161060e-02
1.127997916515311935e-02
-5.905149168833599693e-02
-3.440909283815320185e-02
-1.342001317930626714e-01
-1.538430906353463190e-01
-1.470819676213438731e-01
-1.824286428702487084e-01
-1.023241895388903727e-01
-7.040027714958019267e-02
-9.492891094378351491e-02
-8.574868740911051335e-02
1.364727429228276487e-02
2.025129368423930765e-02
6.818468822466218493e-02
-1.065701413917964219e-01
-1.532745721267380901e-01
-1.403534239205301570e-01
-1.066437247272689903e-01
-8.878474536334420020e-02
-8.501913025838661597e-02
-4.348994616718453859e-02
-4.330260923657997668e-02
-1.698293552131490969e-01
-1.573445592600893894e-01
1.045524003073388941e-01
3.227131656366226398e-02
-1.211742773295589604e-01
-1.103652124392524025e-01
2.009762405240386046e-02
-1.213937405908094985e-01
-1.702801301174318004e-03
-1.512607669177742087e-01
1.205618816532701559e-01
1.129916365028226233e-01
3.902690767406679501e-02
1.333731466802411947e-01
-4.465688389849754164e-02
-5.324338786835745851e-02
1.061332801085232841e-01
4.735301516709344849e-02
3.309975158627467134e-02
6.678494900216097596e-02
5.765840584083190825e-04
-1.068893135774930392e-01
1.955966421545823203e-02
-1.557746250969778701e-01
8.624942437019096630e-02
-7.023298144793610996e-03
5.662753472903258450e-02
4.492316650839990599e-02
-1.254608789195682528e-01
-9.509820728672681300e-02
-1.154583263712778141e-01
-1.042140447892425381e-01
-1.771653199078625784e-01
2.281640176759094918e-02
7.687268305126844503e-02
-9.396604369980025850e-02
-1.014064632431757734e-01
3.997498031185060807e-02
-1.192656965206168873e-01
-4.338581054024909234e-02
-1.264606910373534954e-01
4.647726755746742211e-02
-9.328150567716979313e-02
4.888457022131140195e-02
-1.198174438839590406e-01
-4.429047535446365563e-02
-1.407975718241336882e-01
-5.355285523421099425e-02
-1.034460219814905685e-01
-4.797420511616080387e-03
1.568698400359467837e-01
-1.702801301174233003e-03
-1.292487173517239685e-01
-1.362391683328890712e-01
-1.134366388218470412e-01
-6.553882733993902920e-02
6.236851094924231176e-02
1.702801301176636462e-03
-4.737303969929956143e-02
-1.208498278940651205e-01
-7.901641840320799970e-02
-1.245565218110447347e-01
-3.301495013115931382e-02
-1.397778517556949873e-01
-1.096811006965728447e-01
-1.291867606532388080e-01
-5.570445016980508923e-02
-3.440173747136519682e-03
-9.001867367435564815e-02
8.123346948117166066e-02
-1.347366315494518407e-01
-1.841174693662618600e-01
1.447255189310168999e-01
-2.664236721975784053e-02
-9.120927276375640283e-03
-6.469732303319220175e-03
1.479523524804070116e-02
-1.619870560670884641e-01
-4.616088485940279124e-02
-1.149684525865834334e-01
8.553772451656144193e-02
-1.702801301164298458e-03
-1.889401570070345648e-01
1.056970349782603708e-01
8.979045907478314451e-03
-1.502230913431069070e-01
-1.677909986298387612e-01
-2.593890063193267370e-02
4.773393624200569091e-02
1.568155130788298213e-01
-1.196003817042800010e-01
-1.284025763026249156e-01
-1.101777243166255776e-01
-1.136471183976227733e-01
-1.213937405908094985e-01
4.410693938641117168e-02
-8.582801605830003844e-02
-1.112763565310785630e-01
-4.585680147738544626e-02
1.831367453520086896e-01
5.885840435181843855e-02
-8.603519787959472420e-02
5.249191309469915939e-02
-9.449271382087565119e-02
6.544954642986990090e-02
5.483229252509707469e-02
5.246084888750388725e-02
3.386469203395517380e-02
-1.002114580285159984e-01
9.281377981563210255e-02
1.557054072800862637e-02
-1.120623480731442884e-01
-3.423128864652045383e-02
-1.184389686774390410e-01
-1.383136185308677379e-01
-1.165881065442173625e-01
-1.775033002607953325e-01
-1.367569045029269070e-01
-9.646000854792957657e-02
-1.075960589459548367e-01
-1.072491356639790755e-01
-6.043023612066496242e-02
-9.877798979223897935e-02
-1.857549240057407847e-01
8.863948406995744711e-02
9.026272948190464107e-02
-1.702801301164298458e-03
-1.677944804215810992e-01
5.457139963940131622e-02
2.251087069177049732e-02
-1.486310667634733185e-01
-1.125878929425991187e-01
-1.240960607852835268e-01
-3.251823993094229981e-02
