8.794861278099459501e-01
1.535467585470149610e+00
0.000000000000000000e+00
0.000000000000000000e+00
8.839777068262531790e-02
2.900896091488741391e+00
9.666481876969219567e-01
5.167255155926558707e+00
1.191888147045440556e-02
6.456369384145933532e-01
9.704562899375657192e-03
5.281203897762015487e+00
8.270280856892476828e-01
1.234361771011843328e-01
2.220701999554554329e-01
7.652256974539678458e-01
5.495256259627491202e-01
6.272058155402355784e-01
3.297433956377730513e-01
3.972928816361485649e-01
2.245035866450635909e-01
9.907828612308349214e-01
2.272871642795543934e-01
5.142086219334757180e-01
5.319945301782393443e+00
3.799786954951184015e+01
4.702003557027457425e+00
0.000000000000000000e+00
0.000000000000000000e+00
0.000000000000000000e+00
1.765548134682679848e-01
0.000000000000000000e+00
9.247381381047449223e-01
4.805694438601745277e-01
0.000000000000000000e+00
2.936131274579270589e-01
1.546981054258906418e+00
0.000000000000000000e+00
7.607477387548050368e-04
1.201426748531855271e+00
0.000000000000000000e+00
0.000000000000000000e+00
0.000000000000000000e+00
0.000000000000000000e+00
0.000000000000000000e+00
1.852858142024019217e-02
8.700213800379174023e-01
3.858268030272267168e-01
3.929922432478774041e-01
5.322069241405652518e-01
4.224447828644343761e-01
3.919466068021645322e-01
2.022038489672182138e-01
3.133931524170578409e-01
2.612006867123938259e-01
3.223703523031953844e-01
7.098354404004706408e-01
1.211438278961282533e+00
7.309659108345726297e-01
0.000000000000000000e+00
5.142016599612710126e-02
0.000000000000000000e+00
0.000000000000000000e+00
0.000000000000000000e+00
0.000000000000000000e+00
0.000000000000000000e+00
0.000000000000000000e+00
8.813006870378733981e-02
0.000000000000000000e+00
6.957322404459272969e-01
9.969897440691856128e-01
7.590018542297124471e-01
2.979110457654451372e-01
2.447041872019731557e+00
3.161715317818249993e+00
1.387837926331146221e+00
1.832445141813471956e+00
6.035741699052338483e+00
1.004827005654821015e+01
4.005818860642416546e+00
5.166085618906421928e+00
6.735562415155813554e-01
1.471174076831234023e+00
5.939627580647760530e-01
7.203453262614584185e-01
2.736951207326099311e+00
2.137387991598044046e+00
1.447269329030298701e+00
1.293614018798252774e+00
1.216923491014369585e+00
9.769853446959482213e-01
7.947684167740805883e+00
6.938731900709437461e+00
1.257953449770789334e+01
8.156489156834528131e+00
4.088349543128674490e+00
3.430819845071667817e+00
5.911737853971906098e+00
5.066625486732398542e+00
2.043475980485536525e-01
2.482993433215018086e+00
4.397765153910210278e-01
4.648188312654016330e-01
4.983268971175256468e-01
1.994697376218413365e-01
2.821735948806274319e-01
3.675095022382207088e-01
4.051062266220889496e-01
1.058840882527875837e-01
2.343184568169367488e-01
2.777034736785112923e+00
7.163745111154352641e-01
2.965754190430995862e-01
1.690455552016106111e+01
3.142277368013617900e-01
2.469419992948257980e-01
8.773810582502923339e+00
2.214207959880974130e-01
8.661812767472997221e-01
0.000000000000000000e+00
0.000000000000000000e+00
8.466084383486645049e-01
7.607477387548050368e-04
1.852858142024019217e-02
0.000000000000000000e+00
0.000000000000000000e+00
0.000000000000000000e+00
0.000000000000000000e+00
0.000000000000000000e+00
0.000000000000000000e+00
0.000000000000000000e+00
0.000000000000000000e+00
4.857243701596720975e-02
3.084307484976328562e-01
2.094408547461091619e+00
1.074097575582016795e+00
2.386467647718924390e+00
2.934981942492250795e+01
4.251129732250289095e+01
1.895353795493023696e+01
1.210249959301771838e+02
0.000000000000000000e+00
6.158454217042201861e+01
8.844912404401507899e+01
4.443803546342933686e+01
4.674988141198426916e+01
6.150842897220016425e+01
1.930330634511062404e-01
2.797816878703020538e-01
2.653771483008308785e+00
3.053070512992923646e+00
3.195703152677927594e+00
2.994220419595103877e+00
2.279858570008930219e+00
2.743912548821086261e+00
0.000000000000000000e+00
0.000000000000000000e+00
0.000000000000000000e+00
8.545695263443103817e-01
4.599144385208209229e+00
0.000000000000000000e+00
1.765548134682679848e-01
0.000000000000000000e+00
9.364361178841852868e-04
8.015651419831775204e-01
8.750301692711339285e+00
0.000000000000000000e+00
9.593515646913701733e-01
8.087346197691354632e+01
0.000000000000000000e+00
1.264297954707969351e+00
2.457845459435574198e-01
3.424726262148513611e-01
2.247260703810230797e+00
8.467957435520987453e-01
0.000000000000000000e+00
2.285211385287521657e-01
2.405087002184941591e-01
7.590018542297124471e-01
5.131950066695610602e+00
6.871357070106248521e+00
2.243735932275261913e+00
7.590018542297124471e-01
1.929540033787938702e+00
1.790642691420911259e+00
7.651580080064994682e-01
8.013436943250131297e-03
3.271918870727248962e-01
3.943800301205852565e-01
3.823495596660880791e-01
4.937772206660376861e-01
0.000000000000000000e+00
4.375898714568230985e-01
4.725294105743850226e-01
7.605700770038062997e-01
0.000000000000000000e+00
0.000000000000000000e+00
0.000000000000000000e+00
9.364361178841852868e-04
0.000000000000000000e+00
0.000000000000000000e+00
0.000000000000000000e+00
8.501270694956536769e-03
0.000000000000000000e+00
4.704001648633163168e-01
0.000000000000000000e+00
5.014588689751166006e-01
0.000000000000000000e+00
4.463584464362795323e-01
4.643099816197845398e-01
3.720518293258090470e-01
4.094477217674670211e-01
2.013304053595796617e-01
3.021280603168304268e-01
2.195752440955748563e-01
3.097736126937463697e-01
1.367996251530288754e-01
1.848014568709790950e+01
2.519482044780232410e-01
1.327089295518575573e+00
6.064442575729949159e-01
5.674295779781427518e-01
6.571602237597897744e-01
1.367996251530288754e-01
9.720662481317134951e-01
5.848414150820017143e-01
6.187845008023087345e-01
0.000000000000000000e+00
8.033525678404209724e-01
1.363033989457827777e-01
5.433835110436251448e-01
6.080773885252533928e-01
6.654980579249301087e-01
7.508187984457049824e-01
8.961222342072601155e-01
3.292720886605411401e-01
3.928094504554679456e-01
1.303633896695935057e+01
1.222930589926949141e+00
1.594775907082646249e+01
1.305258482266226849e+01
4.508040197808154126e+00
5.653408981949641365e+00
0.000000000000000000e+00
1.155124281495642080e+01
1.421294711238219399e+01
2.580303977954451256e+01
1.953809604329924454e+01
1.318266097641629164e+00
1.263580132769721409e+01
1.253940454427864525e-02
1.817691515529096025e+00
1.315653010550216391e-02
7.020227682004851477e-01
1.703127209151629184e+00
1.083673848859577182e+00
7.458172419421291721e+00
0.000000000000000000e+00
0.000000000000000000e+00
2.503594028193965038e+00
1.347486976783380141e+00
2.535073929052826247e-01
1.546530477740949827e+01
1.582235853597529740e+01
9.145253581803809428e-01
2.049707995644534986e+00
6.895312404099430914e+00
2.447919982800854377e-01
2.196307230851855807e-01
2.006261039539704027e-01
3.162798517062481163e-01
2.224534536400350759e-01
3.082373517819599895e-01
5.513859233179432273e-01
4.076023445180005922e-01
3.844933291439124323e-01
3.556817429190662350e-01
6.313311723100667461e-01
1.266011498766191856e+01
2.167294225409865938e+00
4.823602332315889973e-01
0.000000000000000000e+00
1.628362143312565236e+00
1.304029177412666218e+00
8.316086437890632510e+00
4.406116552529396557e+01
8.698312397932991269e-01
8.049451059565431166e+00
3.124806506548761220e+01
2.390786168426912539e+01
3.042374523547755616e-02
6.080128140508150869e-01
7.772317450854997478e-01
9.335550674346302369e-01
1.251087646846575252e+00
1.341577382995593704e+00
1.534973624527525837e+00
3.025133255252019371e-01
1.102162080662379973e-01
1.042152155534942004e+00
0.000000000000000000e+00
0.000000000000000000e+00
0.000000000000000000e+00
4.379501806785206952e+00
1.212496863414119774e+00
1.367996251530288754e-01
3.717049986901224679e-01
3.215435353753195447e-01
1.285556262486924339e+01
0.000000000000000000e+00
0.000000000000000000e+00
1.544828053979922178e+00
5.616244924989155507e+00
6.165921642911194489e+00
2.944236799757386502e-01
8.501270694956536769e-03
2.037812886364738230e-01
6.396285360793051433e-01
1.322559614883760659e+01
2.018623546848251138e+01
1.985191758157146324e+01
1.981144705574372011e+01
1.849399042282017547e+01
2.916305811318314056e+01
9.475740705466353386e-01
2.123458611477752722e+00
2.058596190385963354e+01
2.958520573932494346e-01
4.080889526307752702e-01
1.392457520940939997e+00
2.535077272914503799e-01
0.000000000000000000e+00
2.540774669241157913e+00
6.405809578235154289e-01
0.000000000000000000e+00
1.703134502622325686e+00
1.105361625713730200e+00
1.424126538723388080e+01
0.000000000000000000e+00
3.811901310170917601e+00
6.775368051477054010e+00
1.626474722152223862e+01
2.077445540382931166e-01
2.995628321527054050e-01
0.000000000000000000e+00
1.364134891739154032e+00
4.757504231853327603e+00
9.180711742953388210e+00
2.361248321194964542e-02
1.112873427237575896e+01
8.087346197691354632e+01
3.315434711174788385e-01
0.000000000000000000e+00
4.822451251533316219e-02
0.000000000000000000e+00
0.000000000000000000e+00
0.000000000000000000e+00
0.000000000000000000e+00
0.000000000000000000e+00
0.000000000000000000e+00
9.155537735496604990e-02
2.399689812291756930e+00
8.800675141657868794e-01
0.000000000000000000e+00
3.306549133248110617e-01
1.963437802792254716e-01
4.703833710153215164e-01
0.000000000000000000e+00
9.190431926632768977e+00
0.000000000000000000e+00
6.735693003079541441e-01
4.676562505655397217e+00
0.000000000000000000e+00
0.000000000000000000e+00
0.000000000000000000e+00
9.364361178841852868e-04
0.000000000000000000e+00
0.000000000000000000e+00
0.000000000000000000e+00
6.119901390784946216e+00
0.000000000000000000e+00
0.000000000000000000e+00
1.392960354029390835e-01
1.298460547515123409e-01
2.430102338947267293e-01
1.661364066746151835e-01
1.175267363370079421e-01
8.230870889158523052e-02
1.307238331710049162e-01
1.095706194000929806e-01
5.950732191216374645e-01
3.379692540614945284e-01
5.229195927645234887e-01
3.410966802246679208e+01
3.056694432828564456e-01
3.280857284919695416e-01
3.877582901822628769e-01
5.735079183854079332e-01
3.204599068400052486e-01
3.858863842634679964e-01
1.188194644496664676e+00
0.000000000000000000e+00
2.189593268431472950e+02
8.473315751897640691e-02
2.299562777077686526e+00
1.525316417160333948e+00
0.000000000000000000e+00
6.284142985365760437e-01
1.108747575312337919e+00
9.879917547071087824e+01
3.597093642466780289e-02
8.524034250867348339e-01
2.553902365284568265e+00
3.670800353110084679e-01
1.511339082658816046e+01
0.000000000000000000e+00
9.794609253605996990e-01
0.000000000000000000e+00
6.616942182788310145e-01
1.458607391855024638e+00
2.182373343356179163e+00
0.000000000000000000e+00
0.000000000000000000e+00
0.000000000000000000e+00
8.816131518601533212e-02
0.000000000000000000e+00
1.237330866398921891e+01
0.000000000000000000e+00
2.499764243219924520e+00
1.862842683819745382e+00
0.000000000000000000e+00
0.000000000000000000e+00
1.852858142024019217e-02
0.000000000000000000e+00
8.466152926183301286e-01
7.607477387548050368e-04
2.153288778836170703e-01
8.661700813766392004e-01
2.170675878148620452e-01
2.629372709709743017e-01
7.588874690238567311e-01
8.501270694956536769e-03
1.596374033983332552e+01
7.850480260271017308e+00
1.784548067927866555e+01
4.461234767962694292e+01
0.000000000000000000e+00
2.894895153106099528e+01
1.595727862149540988e+00
2.316688231467481884e+01
8.668883669471743048e+00
7.350493385616674313e-01
5.427488584653390458e-01
1.364468241624509481e+01
0.000000000000000000e+00
0.000000000000000000e+00
2.667525664192047508e+00
9.569938513276394776e-01
5.130649669533370094e+00
4.941848143300322960e+00
2.697990531168607209e+00
9.691169572723605866e-03
4.726336298107532308e+00
1.193710209616705153e-02
6.412164148537288222e-01
9.671090357052879227e+00
1.741485985861442032e+01
0.000000000000000000e+00
0.000000000000000000e+00
4.752107080387165672e-01
4.006718471625065649e-03
7.159395014585493433e-01
7.930646504239683425e-01
5.143385328085098296e-01
3.679795004041845896e-01
5.485783061990148202e-01
5.773028716859370801e-01
1.640956890110530475e+00
1.071655397959852429e+00
0.000000000000000000e+00
0.000000000000000000e+00
0.000000000000000000e+00
8.258862783763051496e+00
3.925057219865379032e+00
7.364975067117152996e+00
7.090521749508220672e-01
4.676562505655397217e+00
3.614217850381311603e+00
1.683150984517671134e+01
1.603085416461697221e+01
4.112891731949052665e-01
0.000000000000000000e+00
1.073616813777458878e+00
0.000000000000000000e+00
0.000000000000000000e+00
0.000000000000000000e+00
1.000376272507833564e+00
5.151673048798529386e+00
4.581697195338576556e-01
1.718884338489471020e+01
1.207460619468274654e+00
1.108316693410294818e+00
1.045886818525822104e+00
8.219067789652808598e-01
4.804612184562783161e-01
1.765548134682679848e-01
0.000000000000000000e+00
0.000000000000000000e+00
0.000000000000000000e+00
0.000000000000000000e+00
0.000000000000000000e+00
6.044511803406699135e-01
0.000000000000000000e+00
4.342567054636154111e+00
0.000000000000000000e+00
2.571755430278998000e-01
0.000000000000000000e+00
3.943208476516305350e+00
2.776954191065537980e+00
0.000000000000000000e+00
2.874197511084279011e+00
1.470247547952366007e+00
8.702114578139579226e-01
5.186177638684093871e+00
0.000000000000000000e+00
4.589712720787413502e+01
7.389022715118382933e+00
4.413350110132526538e+00
4.982758134376998327e-01
6.165401813466557801e-01
6.889390889711324295e-01
7.229560602206329678e-01
4.006718471625065649e-03
5.484980322026409283e-01
5.770390832259080227e-01
5.449740626787756836e-01
3.197481600550900471e-01
1.663368106744790520e+00
0.000000000000000000e+00
4.527536121744136999e+00
1.047261535015275163e-01
