6.141465313792052738e-01
6.698587785143372830e-01
6.104141384567106643e-01
7.530208741578708898e-01
1.927081964173827933e-01
5.343735909778435378e-01
1.651443107463524199e-02
5.825918264383168621e-01
1.046039497383898995e-02
7.437345354840496636e-01
6.351078038557211869e-01
5.365742299367185497e-01
5.607458857429646892e-01
6.026280448607989060e-01
5.910560756110797564e-01
5.759419753537982078e-01
5.821307924657925792e-01
6.278337041091048842e-01
5.291672901809578722e-01
6.552759214876749949e-01
5.194761456130720934e-01
6.653571420363734168e-01
6.116759756422901484e-01
5.365116874239809208e-01
5.762450140095751738e-01
1.151003073142191913e-01
7.224824428447815805e-01
1.270918751047532269e-01
4.551127916212700519e-01
6.699631361302413879e-01
1.708621879231466073e-03
2.653941139477742905e-01
4.847691816233391099e-03
1.954004809686223643e-01
5.410425155348828063e-01
5.862757934723032971e-01
5.713783646564019048e-01
5.905059866510239397e-01
5.607792447352223375e-01
4.726470904055627420e-01
5.362676946171354153e-01
5.394620549507497254e-01
4.662923244581836379e-01
5.446483433467852464e-01
6.246446924734544437e-01
6.204915395444606796e-01
6.634023943928715195e-01
4.867182568814405058e-02
5.367651063512727250e-01
5.503858672354166037e-01
1.565616395895378654e-01
5.139020994340176562e-01
5.801319832855179603e-01
5.847905037214602419e-01
5.613775003407418529e-01
5.697741352240588419e-01
5.670811039459559000e-01
5.670721553007282978e-01
5.848424043101883019e-01
5.682265366038213861e-01
5.960298034808442225e-01
6.086935390133031420e-01
6.117618968431721704e-01
6.216523487877513299e-01
5.737302391852666661e-01
5.675853362528465729e-01
6.406771835991423858e-01
6.033831311729842550e-01
5.827018115123264730e-01
5.955989008787598848e-01
5.777117069692144780e-01
5.783868867568364713e-01
5.648750511157011323e-01
5.765525986854845852e-01
5.795284804604401430e-01
5.794497170075173509e-01
5.812465030415099321e-01
5.886693830677794947e-01
5.587782499359951194e-01
5.293438387333551098e-01
6.082025232697150230e-01
6.267575053141754005e-01
6.565726312726803959e-01
5.923617872909232585e-01
5.888025083285607364e-01
5.879808909243883219e-01
5.985440103556801672e-01
5.321078707523807516e-01
5.602318810235125124e-01
6.378845566627128205e-01
1.779814213291562031e-01
4.913372870911965062e-01
6.072316836812623464e-01
5.077077446037903119e-01
5.430380469481518313e-01
5.637272253357470397e-01
1.954040469425170345e-01
1.954490135478564594e-01
2.788381768951035400e-01
1.708621879231466073e-03
4.847691816233391099e-03
5.712428993515661357e-01
2.696462252984631047e-01
6.136727702521732608e-01
3.577021701830667144e-01
5.930317264387363618e-01
5.787290366638696559e-01
5.767880939671939933e-01
5.804858864450345157e-01
5.556685494134904202e-01
5.719767904446196871e-01
5.693057792418463325e-01
5.671300885219275889e-01
5.521250346428917544e-01
5.845564832605865124e-01
5.067730570188052619e-01
2.847468077013699528e-01
6.494309809398588484e-01
6.036958989326804970e-01
5.923912524306452765e-01
6.004039341723248491e-01
6.050708716695474276e-01
5.864800546027069128e-01
6.111479736483069747e-01
5.747206026938437295e-01
1.151003073142191913e-01
1.708621879231399287e-03
5.877708413399271858e-01
6.086316932612847452e-01
5.731364719815352782e-01
5.440274111562695136e-01
5.570828245969231540e-01
5.175995181718067162e-01
4.751524046912965482e-01
4.958861763140560153e-01
5.653617921369233912e-01
5.052250906042268230e-01
5.438799158443227144e-01
1.565616395895378654e-01
4.680318964885310518e-01
6.316360640406841753e-01
4.164779748583365970e-01
1.565616395895378654e-01
6.386396069671708142e-01
5.105106349549123346e-01
2.781260945493113090e-01
1.708621879230482919e-03
5.764553585889266030e-01
6.048735520803836252e-01
5.663146028676713239e-01
6.149865023626622795e-01
5.989852952853091939e-01
6.226240643476257386e-01
5.896861672119687592e-01
1.708621879231399287e-03
1.708621879231279157e-03
1.639527449594065101e-01
6.595615421074059181e-01
6.076060248388078788e-01
6.287771383942272196e-01
5.926352037145764529e-01
5.967161390146430433e-01
5.916972429099619513e-01
5.746155336413996118e-01
5.765459837049453640e-01
2.696766420097558292e-01
1.112595309410418093e-01
5.933588351011505058e-01
5.301540701106852715e-01
5.516371035369556086e-01
5.220961448064701527e-01
5.451381348468674615e-01
5.146373105292765260e-01
1.112595309410418093e-01
6.238309214601689412e-01
5.635621438313723752e-01
6.242717363682818155e-01
6.318109839376274683e-01
5.352924326058629001e-01
5.923351929826872198e-01
5.796534547434424312e-01
5.947523743113971584e-01
5.999462310120344810e-01
2.041808191980488685e-01
5.680490344857029861e-01
6.231735077007557466e-01
5.998019878810411099e-01
5.824336553621013435e-01
5.190015753620478289e-01
5.491066855557488191e-01
4.974340809699310251e-01
5.521722338035212063e-01
4.459535134568141101e-01
5.604448189439820149e-01
5.469128370564888542e-01
5.930787335650166137e-01
1.918121055954774279e-01
5.170478939961916653e-01
1.650943296945834443e-02
5.460696852574358218e-01
1.045237660053992962e-02
5.740831357569093907e-01
2.196491363946028452e-01
5.138624454002923558e-01
6.619078750856178806e-01
6.702287526776771198e-01
7.291990597244428773e-01
3.699206392447997038e-02
5.474366787896295383e-01
6.153288543200108318e-01
6.821801692124829231e-01
7.529314338193304756e-01
4.516539647170078609e-01
5.433129890332639711e-01
5.158522651604819931e-01
5.529121945374396718e-01
5.355874326916587602e-01
5.668425486628519971e-01
5.658945223143427850e-01
5.703522869552234420e-01
6.001129107796326911e-01
5.482334112535625081e-01
5.853325295231480707e-01
5.801215231108184378e-01
6.417107605990555186e-01
4.108481545429117365e-01
5.227289295656996071e-01
6.314413026605114609e-01
6.036754069541542256e-01
5.628182463149413728e-01
5.235957474190436889e-01
5.746226625179780001e-01
6.512324840757681699e-01
6.062074572725636434e-01
6.306954510760195420e-01
2.358191786497982056e-01
6.177451709740172658e-01
5.849518570373143378e-01
5.650271308566912065e-01
5.437136417087088391e-01
5.634777114221907190e-01
6.028434033788532265e-01
4.993934689694695117e-01
2.022602380774112807e-01
5.820873455646006223e-01
5.403840597925763101e-01
3.549154667268452634e-01
1.112595309410418093e-01
2.679189964688325487e-01
1.913248742455863349e-01
6.442062494676467077e-01
6.156320005580089294e-01
5.896552849334218971e-01
6.304910359608846271e-01
4.850375062755851174e-01
1.708621879231279157e-03
5.954904729063265068e-01
2.500307736582117468e-01
6.078784925170345188e-01
5.538431479279313230e-01
5.577478845747589897e-01
6.187279659362444617e-01
6.114776732614225496e-01
6.542049048597091687e-01
6.832607625286113429e-01
7.537326323425941332e-01
6.065877794546855606e-01
4.946491226560766341e-01
4.434238842223371946e-01
7.318535366397390662e-01
3.699206388011235663e-02
6.699425407617467521e-01
2.500188064906000429e-01
2.196491427840980837e-01
5.165784967184783305e-01
5.565425196644303574e-01
5.797820370513817601e-01
5.502357339241887857e-01
6.158583774901748020e-01
6.424296824422364161e-01
4.902300139736807116e-01
5.790298097960625556e-01
3.346189428288347534e-01
5.633502683049907978e-01
2.329935523222433913e-01
6.269721134358380299e-01
5.440274111562695136e-01
5.200584951976569004e-01
4.866715373378377452e-02
4.862572185002379810e-02
5.928945130886134063e-01
4.400728163571343554e-01
4.645517528580970223e-01
5.262330427966871449e-01
1.639527777823178711e-01
6.074749598029308695e-01
6.040523795819948694e-01
5.629429982188700610e-01
1.708621879231399287e-03
5.176817846777309606e-01
4.844170980054589015e-01
4.926012727066633734e-01
5.273226191610823621e-01
4.598403876554261749e-01
6.183670919757391360e-01
6.187663620678550691e-01
5.003353634807813366e-01
5.957313861480828532e-01
5.934425432602500328e-01
5.147150069761591284e-01
6.029423124965409553e-01
5.535274793299891360e-01
5.562183440348569263e-01
2.771569610855995069e-01
5.877813877328914582e-01
5.526937892504794059e-01
5.821607152044149247e-01
5.557031048834820686e-01
5.899166235005309789e-01
5.696778737964141026e-01
1.975101577088709537e-01
5.692173290768139937e-01
3.649064628715849579e-01
6.303897532197287878e-01
6.095362275445325162e-01
5.749367201003058314e-01
4.991671023748979752e-01
6.102559102997576757e-01
5.706986731194434448e-01
4.713560027620547488e-01
5.452219431706092356e-01
5.965345230916300201e-01
3.011211548897103629e-01
6.411446746825582022e-01
5.863201702723341846e-01
4.867176381614702479e-02
5.239463487189378599e-01
5.864858235706293943e-01
5.831859990220719103e-01
4.847691816233391099e-03
2.788379319381344978e-01
1.708621879231466073e-03
1.955211070738974155e-01
1.954489958337749245e-01
1.629613961828476620e-01
5.297104570510401400e-01
6.128623508372420536e-01
1.708621879231279157e-03
6.068667664222868741e-01
6.274391897011625252e-01
6.365814837355907585e-01
5.451391241000906884e-01
6.457150219454083073e-01
2.219574253602742686e-01
5.814296580905166101e-01
5.746772472341580285e-01
5.696274908230812839e-01
6.173389997770183379e-01
5.721607055011272980e-01
5.877612325256956760e-01
1.926730336034936653e-01
5.343971755063146034e-01
6.113837448241236094e-01
7.559570226631692202e-01
1.046039896510302797e-02
7.512515047265445611e-01
1.651440984850907623e-02
5.814384120234656894e-01
5.824282134135642108e-01
5.404150794871630525e-01
6.016115257679253148e-01
1.708621879230482919e-03
4.737144947207771462e-01
6.562180906468944031e-01
6.754470767719822355e-01
6.053321118737088335e-01
2.809727037316195886e-01
5.538444338087752383e-01
6.461810102122678146e-01
5.070272052309419131e-01
5.428974634140607547e-01
6.031779434843798082e-01
5.518038174586018529e-01
1.628320896832835263e-01
5.629429982188700610e-01
6.008618711118616229e-01
5.642067084599367011e-01
5.871299643748479902e-01
5.879963485015782254e-01
3.577150134476871912e-01
5.974831002885053755e-01
5.285275175136903147e-01
6.224790567930776897e-01
5.741751715918755883e-01
5.760604182026523024e-01
5.953531793812266715e-01
6.017242267195788141e-01
7.120288641339743707e-01
1.270920199882419610e-01
1.151003073142191913e-01
6.376046547430264111e-01
5.710037364720882413e-01
3.698570532808033440e-02
5.595642318731409715e-01
2.176559957614204732e-01
5.588237619244049714e-01
5.042609416613871298e-01
2.451030292694321711e-01
6.472035600206667016e-01
5.573428037959465842e-01
5.912258422795964030e-01
5.662097621199716491e-01
1.269264227186358285e-01
4.623082806479983375e-01
6.550704425345066362e-01
6.672794347365499368e-01
1.708621879230482919e-03
2.809733299876619461e-01
6.341351835995751030e-01
5.967233330683658910e-01
6.049560941139070502e-01
5.558159647032219208e-01
5.489190452577485946e-01
6.713694548555783070e-01
