6.141465313791809599e-01
6.698587785143351736e-01
6.104141384567834949e-01
7.530208741579704768e-01
1.927081964175332285e-01
5.343735909780337190e-01
1.651443107454575801e-02
5.825918264385518963e-01
1.046039497377904311e-02
7.437345354841875533e-01
6.351078038558319871e-01
5.365742299366625945e-01
5.607458857429711285e-01
6.026280448611097684e-01
5.910560756112285263e-01
5.759419753535558462e-01
5.821307924653560395e-01
6.278337041090729098e-01
5.291672901810802188e-01
6.552759214877387217e-01
5.194761456129894928e-01
6.653571420364328137e-01
6.116759756422001093e-01
5.365116874239729272e-01
5.762450140096215812e-01
1.151003073139824223e-01
7.224824428449038161e-01
1.270918751044650685e-01
4.551127916212744373e-01
6.699631361303138855e-01
1.708621879230463186e-03
2.653941139488830148e-01
4.847691816274922114e-03
1.954004809686761546e-01
5.410425155346328951e-01
5.862757934723024089e-01
5.713783646564669638e-01
5.905059866510846689e-01
5.607792447353470155e-01
4.726470904058916456e-01
5.362676946171165415e-01
5.394620549506701224e-01
4.662923244581627658e-01
5.446483433466838830e-01
6.246446924732746986e-01
6.204915395443394432e-01
6.634023943929140410e-01
4.867182568813414878e-02
5.367651063512872689e-01
5.503858672354294823e-01
1.565616395895483293e-01
5.139020994342167192e-01
5.801319832854486824e-01
5.847905037210907597e-01
5.613775003408236763e-01
5.697741352241408874e-01
5.670811039458937275e-01
5.670721553008161164e-01
5.848424043099832437e-01
5.682265366037988485e-01
5.960298034813809043e-01
6.086935390134946555e-01
6.117618968429875403e-01
6.216523487877696486e-01
5.737302391851890615e-01
5.675853362529659218e-01
6.406771835992119968e-01
6.033831311726702840e-01
5.827018115125308650e-01
5.955989008789138728e-01
5.777117069688619821e-01
5.783868867567294458e-01
5.648750511157292209e-01
5.765525986853824447e-01
5.795284804603315632e-01
5.794497170073487080e-01
5.812465030414667444e-01
5.886693830677007799e-01
5.587782499361121369e-01
5.293438387333834205e-01
6.082025232696773864e-01
6.267575053139681218e-01
6.565726312725995717e-01
5.923617872913632398e-01
5.888025083278028982e-01
5.879808909241645010e-01
5.985440103559395153e-01
5.321078707523883011e-01
5.602318810236301960e-01
6.378845566626489827e-01
1.779814213291588398e-01
4.913372870909538670e-01
6.072316836815648822e-01
5.077077446038703590e-01
5.430380469480412531e-01
5.637272253357229479e-01
1.954040469425495918e-01
1.954490135480987656e-01
2.788381768944890871e-01
1.708621879230463186e-03
4.847691816274922114e-03
5.712428993518712250e-01
2.696462252985134533e-01
6.136727702518501859e-01
3.577021701833459910e-01
5.930317264386789633e-01
5.787290366639648020e-01
5.767880939672341833e-01
5.804858864450936906e-01
5.556685494134839809e-01
5.719767904445176576e-01
5.693057792417258733e-01
5.671300885218987231e-01
5.521250346427439837e-01
5.845564832605476546e-01
5.067730570189731276e-01
2.847468077026250044e-01
6.494309809397542654e-01
6.036958989325386105e-01
5.923912524305555705e-01
6.004039341722928746e-01
6.050708716694709333e-01
5.864800546027466588e-01
6.111479736485105896e-01
5.747206026933519007e-01
1.151003073139824223e-01
1.708621879230398134e-03
5.877708413399910237e-01
6.086316932608689667e-01
5.731364719814794340e-01
5.440274111561134163e-01
5.570828245971061188e-01
5.175995181716396276e-01
4.751524046912838917e-01
4.958861763140876011e-01
5.653617921369901156e-01
5.052250906043861400e-01
5.438799158443660131e-01
1.565616395895483293e-01
4.680318964887136279e-01
6.316360640404261595e-01
4.164779748589568231e-01
1.565616395895483293e-01
6.386396069673416775e-01
5.105106349549080047e-01
2.781260945489255620e-01
1.708621879229473527e-03
5.764553585890573872e-01
6.048735520803931731e-01
5.663146028674871379e-01
6.149865023629257355e-01
5.989852952852136037e-01
6.226240643481313342e-01
5.896861672105647711e-01
1.708621879230398134e-03
1.708621879230282992e-03
1.639527449593612130e-01
6.595615421073048878e-01
6.076060248386881968e-01
6.287771383941350711e-01
5.926352037145864449e-01
5.967161390147275313e-01
5.916972429097853148e-01
5.746155336412974712e-01
5.765459837052158143e-01
2.696766420098219985e-01
1.112595309412410111e-01
5.933588351009698725e-01
5.301540701108307108e-01
5.516371035368106135e-01
5.220961448065974952e-01
5.451381348469397370e-01
5.146373105292222361e-01
1.112595309412410111e-01
6.238309214600861186e-01
5.635621438311534392e-01
6.242717363683187859e-01
6.318109839375535275e-01
5.352924326063458471e-01
5.923351929826773388e-01
5.796534547435153728e-01
5.947523743114296879e-01
5.999462310124351605e-01
2.041808191980343523e-01
5.680490344854206564e-01
6.231735077005190471e-01
5.998019878812989036e-01
5.824336553620852452e-01
5.190015753599096504e-01
5.491066855555427617e-01
4.974340809701281452e-01
5.521722338030212729e-01
4.459535134576851911e-01
5.604448189440486283e-01
5.469128370565102815e-01
5.930787335651593883e-01
1.918121055955410437e-01
5.170478939948283115e-01
1.650943296936495386e-02
5.460696852576290006e-01
1.045237660056045834e-02
5.740831357571085647e-01
2.196491363947311870e-01
5.138624454005363829e-01
6.619078750856582927e-01
6.702287526776833371e-01
7.291990597246466033e-01
3.699206392452673853e-02
5.474366787904887399e-01
6.153288543199628702e-01
6.821801692128041106e-01
7.529314338192224509e-01
4.516539647169677818e-01
5.433129890333490142e-01
5.158522651604612319e-01
5.529121945373550728e-01
5.355874326914598083e-01
5.668425486626634813e-01
5.658945223145266379e-01
5.703522869561145070e-01
6.001129107796500106e-01
5.482334112533207016e-01
5.853325295231788239e-01
5.801215231108466375e-01
6.417107605986781538e-01
4.108481545423241510e-01
5.227289295658319457e-01
6.314413026608446389e-01
6.036754069541908629e-01
5.628182463150697146e-01
5.235957474192731720e-01
5.746226625179515768e-01
6.512324840756174016e-01
6.062074572725155708e-01
6.306954510758027155e-01
2.358191786494171216e-01
6.177451709741791364e-01
5.849518570371934345e-01
5.650271308565713024e-01
5.437136417083998641e-01
5.634777114221208860e-01
6.028434033789378255e-01
4.993934689695701534e-01
2.022602380773492747e-01
5.820873455645431127e-01
5.403840597926465872e-01
3.549154667269150965e-01
1.112595309412410111e-01
2.679189964688956094e-01
1.913248742455978813e-01
6.442062494676134010e-01
6.156320005578976851e-01
5.896552849333710489e-01
6.304910359609755544e-01
4.850375062756416278e-01
1.708621879230282992e-03
5.954904729065180202e-01
2.500307736579557849e-01
6.078784925169180564e-01
5.538431479280233605e-01
5.577478845747295688e-01
6.187279659359581352e-01
6.114776732612958732e-01
6.542049048598104211e-01
6.832607625287642206e-01
7.537326323424767827e-01
6.065877794541472134e-01
4.946491226561598453e-01
4.434238842226144173e-01
7.318535366397723729e-01
3.699206388019571357e-02
6.699425407617910500e-01
2.500188064904628193e-01
2.196491427840934763e-01
5.165784967172513120e-01
5.565425196643265515e-01
5.797820370514292776e-01
5.502357339243326706e-01
6.158583774908329422e-01
6.424296824426583008e-01
4.902300139738840490e-01
5.790298097961522616e-01
3.346189428290717305e-01
5.633502683086669682e-01
2.329935523222379790e-01
6.269721134360118908e-01
5.440274111561134163e-01
5.200584951977476056e-01
4.866715373368069031e-02
4.862572185007987824e-02
5.928945130889202719e-01
4.400728163569175289e-01
4.645517528580100919e-01
5.262330427966028790e-01
1.639527777822014643e-01
6.074749598026308872e-01
6.040523795817593911e-01
5.629429982191223036e-01
1.708621879230398134e-03
5.176817846777087562e-01
4.844170980054398057e-01
4.926012727067813901e-01
5.273226191610650426e-01
4.598403876556971803e-01
6.183670919759213236e-01
6.187663620680419196e-01
5.003353634806830819e-01
5.957313861484452300e-01
5.934425432593048999e-01
5.147150069760514368e-01
6.029423124965057612e-01
5.535274793300599683e-01
5.562183440350376706e-01
2.771569610853037435e-01
5.877813877329770564e-01
5.526937892504109051e-01
5.821607152043072331e-01
5.557031048833581677e-01
5.899166235008672654e-01
5.696778737963217321e-01
1.975101577085260629e-01
5.692173290770570215e-01
3.649064628709861591e-01
6.303897532198243780e-01
6.095362275450889600e-01
5.749367201005536332e-01
4.991671023745887781e-01
6.102559102994767892e-01
5.706986731195026197e-01
4.713560027622180626e-01
5.452219431705744856e-01
5.965345230915111152e-01
3.011211548895673107e-01
6.411446746828950438e-01
5.863201702725361342e-01
4.867176381613257802e-02
5.239463487188509294e-01
5.864858235703188649e-01
5.831859990221586187e-01
4.847691816274922114e-03
2.788379319386074529e-01
1.708621879230463186e-03
1.955211070738992196e-01
1.954489958337847777e-01
1.629613961828558222e-01
5.297104570510360322e-01
6.128623508377509799e-01
1.708621879230282992e-03
6.068667664222580083e-01
6.274391897006704744e-01
6.365814837353955813e-01
5.451391241002704335e-01
6.457150219451378570e-01
2.219574253601503400e-01
5.814296580905408129e-01
5.746772472342347449e-01
5.696274908228650125e-01
6.173389997769751503e-01
5.721607055007945641e-01
5.877612325256340586e-01
1.926730336036184543e-01
5.343971755059365725e-01
6.113837448242112060e-01
7.559570226629470646e-01
1.046039896516914695e-02
7.512515047269057167e-01
1.651440984843355678e-02
5.814384120237895415e-01
5.824282134133681454e-01
5.404150794870150598e-01
6.016115257679082173e-01
1.708621879229473527e-03
4.737144947193863143e-01
6.562180906469511354e-01
6.754470767717342117e-01
6.053321118737112760e-01
2.809727037317243936e-01
5.538444338091292884e-01
6.461810102122605981e-01
5.070272052309863220e-01
5.428974634142450517e-01
6.031779434843754784e-01
5.518038174588502098e-01
1.628320896833039266e-01
5.629429982191223036e-01
6.008618711118409728e-01
5.642067084595577819e-01
5.871299643750232944e-01
5.879963485013229851e-01
3.577150134476782539e-01
5.974831002888576492e-01
5.285275175138166581e-01
6.224790567930850171e-01
5.741751715917866594e-01
5.760604182027768694e-01
5.953531793812684159e-01
6.017242267194384819e-01
7.120288641337304547e-01
1.270920199889800650e-01
1.151003073139824223e-01
6.376046547435247902e-01
5.710037364719162678e-01
3.698570532818301615e-02
5.595642318725490005e-01
2.176559957613961038e-01
5.588237619240574716e-01
5.042609416615794204e-01
2.451030292694729995e-01
6.472035600207038941e-01
5.573428037959197168e-01
5.912258422795327872e-01
5.662097621201541697e-01
1.269264227190699534e-01
4.623082806483083673e-01
6.550704425343294446e-01
6.672794347365351708e-01
1.708621879229473527e-03
2.809733299875482593e-01
6.341351835995048258e-01
5.967233330682626402e-01
6.049560941145425419e-01
5.558159647033024120e-01
5.489190452576817592e-01
6.713694548555096953e-01
