3.290541019343274178e-04
3.320138396109457990e-02
-8.372659659066379600e-02
-2.862738369570814317e-02
-1.349391257906136510e-01
-1.840929239366971837e-01
1.479653957423801916e-02
-1.620838872646428175e-01
-9.120497224031541561e-03
-1.191554817018932247e-02
7.448199385195040934e-02
8.394588802216416956e-02
-1.345958945570208121e-01
8.299317936126368589e-02
7.553556069698397213e-02
8.237111981947138617e-02
9.576894298015412033e-02
6.819195253820797831e-02
9.535270868378639686e-02
-4.451943996992275415e-02
-5.399537778725461284e-02
1.175502482331977107e-02
1.369400949599343109e-01
-1.312219387224077272e-01
-8.525960581390025494e-02
9.281377981562494162e-02
4.548098575612211786e-02
-1.002102040405700861e-01
6.569736598316569531e-03
3.268698693605544270e-02
-1.702801301174258590e-03
1.323188880507068788e-01
-4.797420511578695361e-03
-1.359583660181979403e-01
2.910893295867325592e-02
2.385632550287748385e-02
1.196571053408240944e-02
8.132762599920527469e-02
-6.198413916358745668e-02
-4.067709568324462399e-02
1.226885183537622555e-02
4.542430710794696097e-02
-6.703415697373951709e-02
-1.613123940036094786e-02
-1.151407836790998840e-01
3.643615988965777375e-02
-5.062397045328094480e-02
-4.429180286811664619e-02
-1.332298714243412008e-01
-1.309256814730224150e-01
-1.172765063366830035e-01
2.203474835994873385e-02
-1.110839493271791184e-01
-1.038775326891936968e-01
-1.265034188111099356e-01
-1.223918429636146055e-01
-9.612539356202062790e-02
-9.889276269969243804e-02
-9.653624603271970805e-02
-9.939207044388090329e-02
7.822277663582068163e-02
8.809606585529436429e-02
7.860814499217763304e-03
3.505681309200806700e-02
-1.017214322923631620e-01
-1.053637207181648966e-01
4.843128070414865621e-02
6.071155502008853538e-02
7.244258034994620343e-02
4.777958017556058201e-02
-9.278149021870542301e-02
-9.081775159118021801e-02
-9.915769190391575394e-02
-9.127945021663026737e-02
-9.234652212184650544e-02
-9.581361541858132713e-02
-8.712513115283945786e-02
-8.690426366149887893e-02
5.126569946224894536e-02
-7.107471168280676821e-02
6.640356451301397678e-02
5.197159558250450534e-02
4.236779263646693605e-02
9.239405516039998767e-02
8.582084223405429813e-02
7.075612575371091617e-02
7.082971672283618070e-02
-1.452345535293468604e-01
-7.430372250771997977e-02
6.515624308477642110e-03
-1.145268108321974287e-01
-3.485981559059013035e-03
-9.003953810768801358e-02
-7.084900105645669521e-02
-4.715877617388428145e-02
-8.743332735451071758e-02
-1.289288940289502194e-01
-1.362392696593726360e-01
1.568703190377210288e-01
-1.702801301174258590e-03
-4.797420511578695361e-03
-1.116257575759226350e-01
-1.642018508776945940e-01
-4.464993259846931906e-02
1.831057250206024334e-01
-1.698561092839401543e-01
-9.251611588517877349e-02
-9.514984689641578508e-02
-8.912470278399076129e-02
-1.132893195604840614e-01
-9.842129917000497219e-02
-1.040058393644904128e-01
-1.011059303314748303e-01
-1.086131649109804004e-01
-8.386848154773866859e-02
7.271344029884951876e-02
-1.600427907360444935e-01
-8.627483018911524804e-02
-6.778061382387505496e-02
-7.496369192575529083e-02
-8.037608162723221261e-02
-7.406120645091744670e-02
-7.941809241153242882e-02
4.123469872252537305e-02
-1.211253304167600603e-01
9.281377981562494162e-02
-1.702801301174260542e-03
2.671665747419155190e-02
-1.082203945995571376e-01
3.841798497250505096e-02
-8.878474536391874061e-02
7.450996126678004206e-02
-4.181378029092874121e-02
-1.111650372334080372e-02
1.604815868953534397e-01
-1.439650591716983841e-01
1.036090670455411533e-01
-7.973195608704490567e-02
-1.172765063366830035e-01
1.289601540134204249e-01
-7.796380876040856500e-02
-1.659788005181034032e-01
-1.172765063366830035e-01
-4.351089825203455219e-02
8.418016273973372154e-02
-1.586984036257531594e-01
-1.702801301171758853e-03
2.806124474185997877e-02
1.179297290272313635e-02
-1.395888812581688385e-02
1.423099534712782797e-02
2.868049406120509390e-02
3.945375162751049714e-02
-4.198721557492422068e-02
-1.702801301174260542e-03
1.702801301174282442e-03
-1.211740533522451674e-01
4.114494430271755515e-02
6.733962024453971074e-02
5.432948012074113181e-02
7.094710458918877805e-02
7.196013092686776025e-02
9.206025858894431591e-02
8.835726787734704546e-02
7.452814304401617074e-02
-1.643118729480757545e-01
9.032789756095768730e-02
-8.744725509977369082e-02
1.751579237599685743e-02
1.516770593489989438e-01
-1.096520280050608531e-01
-9.766322410084786465e-02
-1.220756186943220967e-01
9.032789756095768730e-02
-1.886306896626065632e-03
-8.698586729033389031e-02
-3.071450955504526070e-02
7.119357217003635663e-02
8.781464787983531139e-02
7.445149160813951950e-02
7.662919462738537746e-02
7.487901733352034239e-02
8.076637591171353936e-02
-7.502810792023549558e-02
9.124976849952640134e-02
6.848859343877357342e-02
-7.480086460413663818e-02
7.189147942688776938e-02
-1.482029515198212966e-01
-1.057818459334265715e-01
-9.434254296809448104e-02
-8.820740868794958722e-02
-1.597697840706307493e-01
-1.231786229912554126e-01
-9.437145176621268561e-02
-9.936791833472118085e-02
-1.298114276754613328e-01
-1.432312277453965110e-01
1.448941062676806397e-02
-1.388238846909289892e-01
-8.256759970624402700e-03
-1.603522733907176145e-01
-1.470819357782769676e-01
-1.815892117981549037e-01
-1.082546474643864345e-02
-1.341384902109209187e-01
-6.041151155789410698e-02
-3.440909407952998100e-02
-9.872477654112959966e-02
-6.438601427239493136e-02
-1.117347305135728552e-01
-2.391204626048969162e-02
-9.582156075408750084e-02
-2.975652316530673705e-02
6.308038299058268961e-02
-6.437444406017744924e-02
-5.319636297944306362e-03
6.514831296498757585e-02
-4.259992076308091041e-02
1.342119514362767954e-02
1.019702289950471796e-01
6.102271646041714653e-02
7.044954726756469388e-02
1.581724322344535069e-02
-2.201336712261304021e-02
-1.765185102753324964e-01
-1.346904718820569058e-01
6.031515084631016571e-02
6.055369652930611690e-02
-5.938925828943155544e-02
-1.122489775577097532e-01
-1.421158413537720044e-01
-9.698862241722680522e-02
-9.679950142505933108e-02
-6.900562680558318396e-02
-1.525374039183526875e-01
1.002851666358582639e-02
2.880655216085140774e-02
4.386397988806574333e-02
8.453069368848699361e-02
7.698959006140618233e-02
7.303141215737087022e-02
2.844720160654840013e-02
-1.183189137590605899e-01
-1.080774177979887812e-01
-1.597336316822029478e-01
1.770405169907849630e-01
9.032789756095768730e-02
-1.576923885517848289e-01
-1.172815920209250434e-01
-4.637714855650999779e-02
6.438340272349080129e-02
-1.323587657406436191e-01
-6.185669826927590181e-02
2.581992517824089478e-02
1.702801301174282442e-03
5.699243665995180202e-02
-1.538882639748439807e-01
-7.956498339364158345e-02
-9.288232136833970976e-02
-1.148576519534609541e-01
-5.678641572230821999e-02
-1.192652779911701905e-01
-5.729382282619676497e-02
-1.114059850127984141e-01
-2.347722900548164168e-02
-1.061442004614054219e-01
-6.947373677494154964e-02
1.127997916523552566e-02
-5.905149168829230272e-02
-3.440909283824575282e-02
-1.342001317931212634e-01
-1.538430906351939687e-01
-1.470819676213573624e-01
-1.824286428700771512e-01
-1.023241895385103295e-01
-7.040027714913833778e-02
-9.492891094369043659e-02
-8.574868740939756151e-02
1.364727428991257055e-02
2.025129368419300788e-02
6.818468822501909388e-02
-1.065701413906873507e-01
-1.532745721271779049e-01
-1.403534239207014922e-01
-1.066437247271412175e-01
-8.878474536391874061e-02
-8.501913025906841781e-02
-4.348994616719557144e-02
-4.330260923657234390e-02
-1.698293552129475636e-01
-1.573445592608591903e-01
1.045524003073372843e-01
3.227131656388850661e-02
-1.211742773295698822e-01
-1.103652124393845052e-01
2.009762405292569651e-02
-1.213937405908133704e-01
-1.702801301174260542e-03
-1.512607669180126013e-01
1.205618816543399946e-01
1.129916365021375879e-01
3.902690767399698973e-02
1.333731466784794928e-01
-4.465688389729405988e-02
-5.324338786789337835e-02
1.061332801080382970e-01
4.735301516305459590e-02
3.309975158642199794e-02
6.678494900216916386e-02
5.765840583895823343e-04
-1.068893135774649505e-01
1.955966421381710035e-02
-1.557746250967791957e-01
8.624942437081055402e-02
-7.023298145251695955e-03
5.662753472981729708e-02
4.492316650899134262e-02
-1.254608789192683538e-01
-9.509820728645351773e-02
-1.154583263712700009e-01
-1.042140447892734162e-01
-1.771653199080050478e-01
2.281640176877701084e-02
7.687268305076579156e-02
-9.396604369932158585e-02
-1.014064632428177959e-01
3.997498031084475989e-02
-1.192656965214170806e-01
-4.338581054013209565e-02
-1.264606910373552995e-01
4.647726755894004275e-02
-9.328150567716322894e-02
4.888457022077231928e-02
-1.198174438843493672e-01
-4.429047535447767220e-02
-1.407975718241713525e-01
-5.355285523413472887e-02
-1.034460219809717335e-01
-4.797420511578695361e-03
1.568698400356266232e-01
-1.702801301174258590e-03
-1.292487173518074850e-01
-1.362391683328446901e-01
-1.134366388218491506e-01
-6.553882733991572840e-02
6.236851094815701324e-02
1.702801301174282442e-03
-4.737303969910711121e-02
-1.208498278937306658e-01
-7.901641840358987479e-02
-1.245565218103033694e-01
-3.301495013132225292e-02
-1.397778517556546030e-01
-1.096811006965692781e-01
-1.291867606533178559e-01
-5.570445016935762078e-02
-3.440173745921984265e-03
-9.001867367390561925e-02
8.123346948081698604e-02
-1.347366315494814004e-01
-1.841174693665111606e-01
1.447255189313439716e-01
-2.664236721999707624e-02
-9.120927276189010058e-03
-6.469732303047922434e-03
1.479523524797615557e-02
-1.619870560669938730e-01
-4.616088485936713226e-02
-1.149684525866452312e-01
8.553772451733605842e-02
-1.702801301171758853e-03
-1.889401570038955758e-01
1.056970349775133156e-01
8.979045907398274309e-03
-1.502230913428171666e-01
-1.677909986300687717e-01
-2.593890063180251393e-02
4.773393624214728598e-02
1.568155130788453089e-01
-1.196003817043804068e-01
-1.284025763026301337e-01
-1.101777243168922671e-01
-1.136471183976219407e-01
-1.213937405908133704e-01
4.410693938756367338e-02
-8.582801605828162261e-02
-1.112763565310862651e-01
-4.585680147838860216e-02
1.831367453519805455e-01
5.885840435212522093e-02
-8.603519787942015551e-02
5.249191309873801198e-02
-9.449271382111523732e-02
6.544954643158992780e-02
5.483229252607209336e-02
5.246084888908185417e-02
3.386469203394813776e-02
-1.002114580278534589e-01
9.281377981562494162e-02
1.557054072658014925e-02
-1.120623480740677302e-01
-3.423128864655144293e-02
-1.184389686783185597e-01
-1.383136185308735111e-01
-1.165881065442156278e-01
-1.775033002612681765e-01
-1.367569045027643426e-01
-9.646000854796320245e-02
-1.075960589462847811e-01
-1.072491356640851712e-01
-6.043023612059026523e-02
-9.877798979167005944e-02
-1.857549240059539197e-01
8.863948407091029602e-02
9.026272948191267631e-02
-1.702801301171758853e-03
-1.677944804216152663e-01
5.457139963947971878e-02
2.251087069177932359e-02
-1.486310667632099458e-01
-1.125878929426616104e-01
-1.240960607852135689e-01
-3.251823993131057466e-02
