2.345763568282476008e+00
2.406814352964024017e+00
7.209160736209085929e-02
2.679066332854501908e+00
1.636138589375836783e-01
2.382334378801584940e+00
-1.795749855981565815e-04
3.403860275934291746e-01
8.945435924889296397e-05
5.188199708470621729e+00
2.265026868892987544e+00
1.997125840108185946e+00
1.335419195474929210e-01
2.439866420715787854e+00
3.059759858712974179e+00
2.829695286088996120e+00
3.568979508648407517e+00
3.329921211732266073e+00
3.862609195065886070e+00
-3.031641609399188919e+00
-1.180503395344230551e-02
4.653969468090549677e-01
9.563906530581627763e+00
2.811001363374009188e+01
6.723353680180154335e+00
-1.859553513758787496e-02
1.122423233811370658e+00
5.545815318906417019e-02
-4.505284458228092648e-02
2.416208657980772667e+00
1.297620640896580339e-06
-2.401689118025313874e-01
8.932343339947513368e-05
1.489690869522165007e-01
8.781272017365698845e-01
9.154671434308233602e-01
8.870924918387403935e-01
8.019199228405782254e-01
9.788408087142240754e-01
3.465294757729160680e-02
9.076515452163536057e-01
7.270959395534898340e-01
4.572871000218395321e-02
9.309523255340486081e-01
8.470931551965924511e-01
3.368879123436603340e+00
6.167606326332634309e-02
4.106329246507172022e-03
5.062111484817286566e-01
7.963095698061070093e-01
1.063552600187348401e-01
-7.481887717988251751e-02
2.834519574870799197e+00
4.085449680828674879e+00
1.227997631695759040e+00
1.846159784816837846e+00
9.876714997698764265e+00
1.683905948979670697e+01
5.651335135259397902e+00
7.877796538315757324e+00
2.621653901882563531e+00
-1.488507494777256968e+00
3.383140582356255699e+00
3.357285040121062547e+00
2.755586870758524487e+00
1.982074316421490456e+00
2.655602008691207327e+00
2.920105051991505718e+00
3.047408925071276808e+00
3.233231418713151228e+00
1.259302082011729951e+01
1.038507301006471728e+01
2.061947568270224096e+01
1.348822617005076374e+01
4.987426675707212098e+00
3.799306878553894151e+00
8.472971405795814093e+00
6.777140858754641783e+00
-1.797977544762385527e-01
2.709455173898622782e+00
1.176384983096942838e+00
1.048620754365837238e+00
9.082444676556370444e-01
1.804600568508684777e+00
1.658674727820674155e+00
1.474731866770257582e+00
1.308425788318990035e+00
5.815507439498562164e-02
1.127748948228980697e-01
1.797012766726311384e+00
9.815926984106358721e-02
-1.412265424519597648e-02
1.896099786152314337e+01
7.677945686136633877e-03
-4.564497855720357766e-02
8.902822938789821450e+00
3.637472723782050193e-02
1.485695419922797855e-01
-1.941329013749830967e-01
1.297620640896580339e-06
8.932343339947513368e-05
3.530961635818771066e-02
7.115251697672106412e-02
3.191393225605605011e+00
-3.226312138862705292e-01
1.256818839356738993e+00
4.430817035489633327e+01
5.914423373464530442e+01
3.051378503721203472e+01
1.212199146945354471e+02
7.812422244592762866e+01
1.009473270760475572e+02
7.312085846918782295e+01
6.249666639221426578e+01
1.056749897267772553e+02
-4.824691160468772694e-02
6.554148021855887851e-02
1.868021649316666588e+00
4.472362641328991195e+00
4.832603166659325211e+00
4.837871820684806146e+00
3.787160936960755730e+00
3.933681416674376763e+00
3.345719699389522184e+00
3.453831431513760375e+00
-1.859553513758787496e-02
1.597295362897360098e-06
3.763961432156143871e+00
6.556075893350738149e+00
3.659784240017579737e+00
1.145607565186014796e+02
3.447201631626303442e+00
-5.021731072485779296e-02
-4.881352085793602734e-04
-1.046253210592594796e+00
4.483937260333856756e-01
-1.754557587006107533e-01
9.701607769431960793e-02
1.063552600187348401e-01
-2.173000657540903990e+00
6.694365181286661581e+00
7.727747406214640069e-01
1.063552600187348401e-01
1.146995391410878362e+00
-8.361460637866883205e-01
1.756838024358021444e-01
1.366865867922003187e-05
6.556634129172052017e-01
7.843671626329590252e-01
7.940080737605019756e-01
7.703298487656599081e-01
8.312235747994679569e-01
8.669822086313359044e-01
8.963158426096182740e-01
1.597295362897360098e-06
-1.450076518885326422e-05
6.876396978813702210e-02
8.876445886892845305e-01
1.158839508183907352e+00
1.025754115436501746e+00
1.459435456466026348e+00
1.294406248364357470e+00
1.796743591908259052e+00
1.643986197506413838e+00
-1.945318731709042015e-01
7.150053534125577759e-02
-1.395817064584215644e-02
1.873191288777196206e+01
-6.791416210374061346e-02
-6.765676130179605341e-01
7.099412462972469751e-01
7.192841032739200058e-01
7.296457873880317635e-01
-1.395817064584215644e-02
3.772930647124043357e+00
8.255693761527447272e-01
1.281632624976268398e+00
2.295371416268396914e+00
1.994688539042428044e+00
3.086343508694849636e+00
2.856393408900443909e+00
2.640389469485212803e+00
2.465072067407698686e+00
3.978356505266111398e+00
3.595357506124430724e+00
3.350370299033324173e+00
1.947500771007780074e+01
3.065395806301256520e+00
8.410020517536846540e+00
2.129290223042299601e+01
5.268847459747234119e+00
8.904747394578864217e+00
4.396526138618892077e+00
1.094094770821423701e+01
2.391599252850043555e+01
1.398144857523154272e+01
2.159732183901582336e-01
7.302321440418548804e+00
-1.850709618103844444e-04
1.040262648891345121e+00
1.099078863912762586e-04
3.636270533537499516e-01
3.260618930132309079e-01
4.771811228201386923e-01
1.002761080691055717e+01
1.600866144321292150e+00
1.141977300366982861e+00
9.062181050083523148e-03
1.244240277736873779e+01
1.716728448442179911e+01
6.492374994914447139e-01
1.921702967071317270e+00
7.256214500187169847e+00
-3.996255811657999091e-02
-7.693070240270083460e-02
8.916262445224036604e-02
9.596176499688647832e-01
7.430449337520382835e-01
9.446249119890343104e-01
9.096381907791734056e-01
8.073082634576053129e-01
8.890377415582795262e-01
9.377600507409512565e-01
9.205873740928255389e-01
1.062422240868143852e+01
7.265070001685912660e-01
3.164367977280038713e-01
2.869959948326281207e+00
2.932438639417690673e+00
9.597252110814173065e+00
5.366077414709933890e+01
4.852926629153986315e-01
5.938170584749291159e+00
3.205780017224622469e+01
2.914505674034667493e+01
6.193095261647541330e-03
3.812728224122976961e+00
3.835167567629644392e+00
3.753799383774891751e+00
3.538659144737583695e+00
3.395203298750892884e+00
3.125645313143650572e+00
-4.324729565382797597e-02
1.730685818693659950e-02
1.243836479432864905e+00
2.084099064316975003e+00
-3.550625534613021106e-01
-1.395817064584215644e-02
8.304623719110403035e-02
4.874866019215028101e-02
1.555153741570710046e+01
3.035519743616846622e+00
3.419275380704552170e+00
6.590142342581849277e+00
-3.000942957062519706e-02
-1.450076518885326422e-05
7.247836203039466074e-01
1.350864256079245818e-01
1.235979306441742409e+01
2.104315415211523543e+01
1.453322378427252382e+01
2.476442813917804742e+01
1.372852579530040273e+01
3.317783517888629774e+01
6.735849912429844322e-01
1.992691143012202515e+00
1.780968066604358668e+01
2.198602002874740918e-02
-5.838698771618104633e-02
1.184016886525307566e+00
9.062192687936804908e-03
1.624098869382722521e+00
1.352555876242979016e-01
3.260633477448910966e-01
4.895799607805441100e-01
2.360111557842132868e+01
5.900640646371496878e+00
1.054734518745917704e+01
1.581652690962643426e+01
1.689333226652549591e+00
-2.425718782912791166e-02
3.287234994440531910e+00
1.461995462401411672e+01
4.870069155034223662e+00
4.493395518263004415e-03
8.055030462082644505e+00
1.145607565186014796e+02
9.084748564178175556e-01
2.208282660180502927e-03
4.174972214625273167e-03
1.263465487945912180e+00
3.296014617143721570e-01
-1.077471181766064129e-01
-7.267230714621535081e-02
6.876162476070077356e-02
6.869389574234825879e+00
3.732091773201303919e+00
4.665804495702722932e+00
1.597295362897360098e-06
2.960430652939773921e+00
8.640176080722864471e-01
8.638555276896466850e-01
-8.913979389370517425e-02
8.561593600345267507e-01
5.823102738974546000e-01
3.205966523716876626e-01
8.458297993051732133e-01
7.687583225190511849e-01
9.157329461811221094e-01
-8.499080900541701455e-02
6.517723577705236693e-02
5.263906361832496117e+01
9.227245116458605567e-01
7.424077554654268107e-02
8.466263027115707995e-01
9.741178390829554612e-01
9.506086306319169177e-01
9.039126579111752546e-01
1.210616026488015029e+00
3.954728692024152110e+02
1.297680284894602715e-02
2.342362367837628856e+00
4.569885919944437491e-01
3.093385015099145097e+00
3.418652208573099927e+00
1.694956052354674512e+02
4.514352818978273341e-01
3.368112549681845369e+00
3.088209219505421821e+00
-4.235275206133037873e-02
1.806957108691730696e+01
3.250696144378697472e+00
1.780454225414632510e-02
2.668986753212496232e+00
2.433181023894968931e+00
4.107667599634554426e-03
6.582895457163893127e+00
3.219498641280629236e+00
2.481124894532609648e+00
8.932343339947513368e-05
-1.941339895142649707e-01
1.297620640896580339e-06
3.544919204204263069e-02
1.485675286436620723e-01
2.999074790664114226e-02
1.288547188586055929e-02
4.180696400410104374e+00
-1.450076518885326422e-05
2.631697846704594923e+01
5.252122735715839319e+00
1.887737618487792801e+01
3.800981345980923720e+01
3.943758876772301392e+01
2.954619965901549294e-01
2.382071253917237641e+01
5.709842083056889450e+00
9.426882859188735475e-01
3.500522359225692881e+00
1.505979727442278993e+01
1.167830600571129196e+01
1.617745136832063335e-01
2.365679551710756279e+00
8.959181867640614527e+00
2.500474635298174153e+00
8.933507125275671709e-05
4.687370982759304638e+00
-1.798339278336718021e-04
3.374234956620493775e-01
1.176605974872541971e+01
2.407740336217581145e+01
-1.753468400318659859e-01
6.834329339610015935e-06
2.880807783396396315e-01
1.302839237603558686e+00
4.607184628722021946e-01
2.161968921113343600e-01
1.316214031759690983e-01
-1.437556661798690683e-01
2.760991399626155918e+00
-4.893133084669175625e-01
5.912875591348504045e+00
2.285362702427293335e+00
4.544529344850501751e+00
9.808624522119918643e-02
4.665804495702722932e+00
1.316684020936891919e+01
1.617650262142749540e+01
1.464490151466353396e+01
2.597496878145708621e+00
-3.225277824652303393e-01
4.636835551319512305e+00
9.086652546071352532e+00
3.116548011964227261e+00
2.856166025614914972e+01
4.732633407623981547e+00
4.752345073992298552e+00
4.743016162071390873e+00
9.820045009406058734e-01
5.544628257871706684e-02
-1.859553513758787496e-02
3.094415482998714051e+00
5.523172665008416082e+00
9.147463238930970270e-03
2.039026103704950188e+00
5.053393277975676279e-01
1.844849231611078055e+00
6.319874863985527336e-01
1.672922584999884665e-01
4.054440550934264920e+00
6.261437894594157427e+01
5.830599800405709132e+00
5.300160602375285634e+00
5.676877331207638711e-02
2.421105741534814448e-01
1.108270196038797950e+00
-4.860342065600500860e-01
6.834329339610015935e-06
1.316042518896953506e-01
-4.562954385432498317e-01
4.377279419039378089e-02
1.813870168108958070e-01
1.390578668979242538e+00
1.998295671301052678e+00
1.447642432774750576e-01
