8.794861278102049651e-01
1.535467585469678875e+00
0.000000000000000000e+00
0.000000000000000000e+00
8.839777068259900561e-02
2.900896091488787132e+00
9.666481876970126619e-01
5.167255155924505239e+00
1.191888147038290720e-02
6.456369384145212997e-01
9.704562899379869101e-03
5.281203897761647781e+00
8.270280856893807986e-01
1.234361771011936726e-01
2.220701999554456907e-01
7.652256974540506684e-01
5.495256259624085038e-01
6.272058155403618107e-01
3.297433956377063824e-01
3.972928816361144255e-01
2.245035866449945350e-01
9.907828612307082450e-01
2.272871642795933345e-01
5.142086219334445207e-01
5.319945301779667624e+00
3.799786954950459972e+01
4.702003557025812519e+00
0.000000000000000000e+00
0.000000000000000000e+00
0.000000000000000000e+00
1.765548134678234238e-01
0.000000000000000000e+00
9.247381381046714255e-01
4.805694438609208752e-01
0.000000000000000000e+00
2.936131274579987238e-01
1.546981054258953714e+00
0.000000000000000000e+00
7.607477387549439231e-04
1.201426748530336264e+00
0.000000000000000000e+00
0.000000000000000000e+00
0.000000000000000000e+00
0.000000000000000000e+00
0.000000000000000000e+00
1.852858142016483231e-02
8.700213800363607586e-01
3.858268030272274385e-01
3.929922432478538674e-01
5.322069241406455209e-01
4.224447828644981029e-01
3.919466068021452698e-01
2.022038489671252326e-01
3.133931524170579519e-01
2.612006867123862208e-01
3.223703523032818707e-01
7.098354404008845320e-01
1.211438278961485482e+00
7.309659108344760403e-01
0.000000000000000000e+00
5.142016599617385553e-02
0.000000000000000000e+00
0.000000000000000000e+00
0.000000000000000000e+00
0.000000000000000000e+00
0.000000000000000000e+00
0.000000000000000000e+00
8.813006870375707236e-02
0.000000000000000000e+00
6.957322404461967480e-01
9.969897440689406976e-01
7.590018542280326797e-01
2.979110457654417510e-01
2.447041872020727205e+00
3.161715317818804660e+00
1.387837926331801919e+00
1.832445141812850897e+00
6.035741699052421083e+00
1.004827005654894378e+01
4.005818860642774482e+00
5.166085618904801002e+00
6.735562415154032756e-01
1.471174076830996214e+00
5.939627580648111360e-01
7.203453262612050656e-01
2.736951207325510449e+00
2.137387991596550130e+00
1.447269329030421936e+00
1.293614018798491472e+00
1.216923491013730541e+00
9.769853446955174547e-01
7.947684167742413486e+00
6.938731900706664568e+00
1.257953449770527499e+01
8.156489156835952770e+00
4.088349543128484420e+00
3.430819845071897856e+00
5.911737853974089241e+00
5.066625486732655226e+00
2.043475980484926735e-01
2.482993433215809453e+00
4.397765153910545566e-01
4.648188312653823706e-01
4.983268971174505402e-01
1.994697376219084772e-01
2.821735948808170025e-01
3.675095022382671162e-01
4.051062266221790997e-01
1.058840882528006844e-01
2.343184568169187909e-01
2.777034736784630642e+00
7.163745111153515532e-01
2.965754190431514892e-01
1.690455552016345564e+01
3.142277368013294825e-01
2.469419992947868014e-01
8.773810582501027966e+00
2.214207959879739007e-01
8.661812767485582709e-01
0.000000000000000000e+00
0.000000000000000000e+00
8.466084383501690791e-01
7.607477387549439231e-04
1.852858142016483231e-02
0.000000000000000000e+00
0.000000000000000000e+00
0.000000000000000000e+00
0.000000000000000000e+00
0.000000000000000000e+00
0.000000000000000000e+00
0.000000000000000000e+00
0.000000000000000000e+00
4.857243701594742696e-02
3.084307484978094371e-01
2.094408547460875791e+00
1.074097575580944763e+00
2.386467647718978569e+00
2.934981942491897300e+01
4.251129732250006299e+01
1.895353795492904680e+01
1.210249959301765159e+02
0.000000000000000000e+00
6.158454217043065881e+01
8.844912404400395189e+01
4.443803546342122246e+01
4.674988141200736891e+01
6.150842897221962602e+01
1.930330634511859822e-01
2.797816878696541831e-01
2.653771483008908749e+00
3.053070512994405572e+00
3.195703152679304271e+00
2.994220419594317395e+00
2.279858570008833851e+00
2.743912548821058284e+00
0.000000000000000000e+00
0.000000000000000000e+00
0.000000000000000000e+00
8.545695263444184064e-01
4.599144385211170416e+00
0.000000000000000000e+00
1.765548134678234238e-01
0.000000000000000000e+00
9.364361178829961338e-04
8.015651419829363800e-01
8.750301692713989610e+00
0.000000000000000000e+00
9.593515646912970096e-01
8.087346197690432348e+01
0.000000000000000000e+00
1.264297954708122118e+00
2.457845459435708813e-01
3.424726262147797518e-01
2.247260703810276095e+00
8.467957435515283127e-01
0.000000000000000000e+00
2.285211385286773644e-01
2.405087002185073153e-01
7.590018542280326797e-01
5.131950066694182411e+00
6.871357070101866249e+00
2.243735932277331369e+00
7.590018542280326797e-01
1.929540033788383457e+00
1.790642691420317734e+00
7.651580080067118539e-01
8.013436943294731038e-03
3.271918870727280604e-01
3.943800301208005843e-01
3.823495596659824414e-01
4.937772206659628016e-01
0.000000000000000000e+00
4.375898714565751857e-01
4.725294105743987338e-01
7.605700770038699154e-01
0.000000000000000000e+00
0.000000000000000000e+00
0.000000000000000000e+00
9.364361178829961338e-04
0.000000000000000000e+00
0.000000000000000000e+00
0.000000000000000000e+00
8.501270694918917556e-03
0.000000000000000000e+00
4.704001648632407107e-01
0.000000000000000000e+00
5.014588689752705886e-01
0.000000000000000000e+00
4.463584464364080961e-01
4.643099816197389096e-01
3.720518293257855102e-01
4.094477217673129221e-01
2.013304053595954546e-01
3.021280603167390555e-01
2.195752440955493490e-01
3.097736126938465673e-01
1.367996251528075524e-01
1.848014568709910677e+01
2.519482044780331775e-01
1.327089295518902867e+00
6.064442575729784846e-01
5.674295779781735050e-01
6.571602237595631779e-01
1.367996251528075524e-01
9.720662481316360015e-01
5.848414150822367485e-01
6.187845008021634063e-01
0.000000000000000000e+00
8.033525678405649684e-01
1.363033989457280715e-01
5.433835110436034954e-01
6.080773885254525668e-01
6.654980579247328221e-01
7.508187984457085351e-01
8.961222342077174163e-01
3.292720886606793074e-01
3.928094504553671373e-01
1.303633896696018368e+01
1.222930589926580991e+00
1.594775907082422250e+01
1.305258482266639319e+01
4.508040197807328120e+00
5.653408981950039269e+00
0.000000000000000000e+00
1.155124281488630089e+01
1.421294711238742181e+01
2.580303977955221839e+01
1.953809604328952076e+01
1.318266097640803602e+00
1.263580132770104214e+01
1.253940454421732624e-02
1.817691515529978208e+00
1.315653010553471773e-02
7.020227682004493985e-01
1.703127209151789723e+00
1.083673848860490896e+00
7.458172419418858112e+00
0.000000000000000000e+00
0.000000000000000000e+00
2.503594028194008558e+00
1.347486976783448975e+00
2.535073929059151743e-01
1.546530477740705223e+01
1.582235853597351216e+01
9.145253581802865739e-01
2.049707995643763603e+00
6.895312404100106818e+00
2.447919982800557392e-01
2.196307230852203862e-01
2.006261039539623814e-01
3.162798517063289960e-01
2.224534536400884499e-01
3.082373517820324871e-01
5.513859233179287944e-01
4.076023445180695370e-01
3.844933291440947309e-01
3.556817429188416924e-01
6.313311723099763739e-01
1.266011498766526167e+01
2.167294225410384634e+00
4.823602332314292362e-01
0.000000000000000000e+00
1.628362143311711474e+00
1.304029177411833551e+00
8.316086437886438532e+00
4.406116552528192898e+01
8.698312397934629958e-01
8.049451059559656230e+00
3.124806506549744611e+01
2.390786168428164515e+01
3.042374523544592174e-02
6.080128140509879486e-01
7.772317450856318644e-01
9.335550674344080813e-01
1.251087646846601231e+00
1.341577382995653656e+00
1.534973624526582592e+00
3.025133255251595821e-01
1.102162080662226207e-01
1.042152155534774804e+00
0.000000000000000000e+00
0.000000000000000000e+00
0.000000000000000000e+00
4.379501806784022122e+00
1.212496863414037618e+00
1.367996251528075524e-01
3.717049986899271796e-01
3.215435353754322323e-01
1.285556262486564094e+01
0.000000000000000000e+00
0.000000000000000000e+00
1.544828053979364846e+00
5.616244924989702625e+00
6.165921642910675793e+00
2.944236799757175560e-01
8.501270694918917556e-03
2.037812886363521425e-01
6.396285360793233510e-01
1.322559614883122237e+01
2.018623546847842221e+01
1.985191758155385955e+01
1.981144705574589793e+01
1.849399042281936900e+01
2.916305811317739227e+01
9.475740705462351032e-01
2.123458611478268310e+00
2.058596190387060787e+01
2.958520573931358033e-01
4.080889526307719395e-01
1.392457520941286164e+00
2.535077272920943647e-01
0.000000000000000000e+00
2.540774669241103290e+00
6.405809578228740531e-01
0.000000000000000000e+00
1.703134502622459356e+00
1.105361625715217455e+00
1.424126538723611191e+01
0.000000000000000000e+00
3.811901310171215584e+00
6.775368051480695541e+00
1.626474722151625230e+01
2.077445540383213718e-01
2.995628321526399573e-01
0.000000000000000000e+00
1.364134891738838062e+00
4.757504231851389598e+00
9.180711742948128418e+00
2.361248321197277969e-02
1.112873427237515322e+01
8.087346197690432348e+01
3.315434711173368409e-01
0.000000000000000000e+00
4.822451251531947869e-02
0.000000000000000000e+00
0.000000000000000000e+00
0.000000000000000000e+00
0.000000000000000000e+00
0.000000000000000000e+00
0.000000000000000000e+00
9.155537735486887763e-02
2.399689812291522450e+00
8.800675141660132539e-01
0.000000000000000000e+00
3.306549133247173589e-01
1.963437802792447062e-01
4.703833710154891601e-01
0.000000000000000000e+00
9.190431926630324710e+00
0.000000000000000000e+00
6.735693003081344443e-01
4.676562505656902680e+00
0.000000000000000000e+00
0.000000000000000000e+00
0.000000000000000000e+00
9.364361178829961338e-04
0.000000000000000000e+00
0.000000000000000000e+00
0.000000000000000000e+00
6.119901390787383377e+00
0.000000000000000000e+00
0.000000000000000000e+00
1.392960354029182390e-01
1.298460547515353780e-01
2.430102338946749929e-01
1.661364066746213175e-01
1.175267363370066237e-01
8.230870889157188008e-02
1.307238331710346979e-01
1.095706194000314188e-01
5.950732191216745459e-01
3.379692540615700791e-01
5.229195927646681508e-01
3.410966802245799556e+01
3.056694432827380958e-01
3.280857284919062589e-01
3.877582901821265415e-01
5.735079183852805906e-01
3.204599068400654227e-01
3.858863842635366637e-01
1.188194644496250119e+00
0.000000000000000000e+00
2.189593268432293769e+02
8.473315751912691152e-02
2.299562777078104858e+00
1.525316417158986582e+00
0.000000000000000000e+00
6.284142985364383760e-01
1.108747575310790490e+00
9.879917547071572415e+01
3.597093642470466923e-02
8.524034250868250950e-01
2.553902365284944853e+00
3.670800353108986114e-01
1.511339082658849620e+01
0.000000000000000000e+00
9.794609253607010624e-01
0.000000000000000000e+00
6.616942182788914106e-01
1.458607391853588231e+00
2.182373343355691553e+00
0.000000000000000000e+00
0.000000000000000000e+00
0.000000000000000000e+00
8.816131518606563910e-02
0.000000000000000000e+00
1.237330866398884943e+01
0.000000000000000000e+00
2.499764243220339299e+00
1.862842683819831757e+00
0.000000000000000000e+00
0.000000000000000000e+00
1.852858142016483231e-02
0.000000000000000000e+00
8.466152926169085990e-01
7.607477387549439231e-04
2.153288778839157758e-01
8.661700813754490413e-01
2.170675878148697335e-01
2.629372709709317246e-01
7.588874690238366361e-01
8.501270694918917556e-03
1.596374033982956675e+01
7.850480260281088363e+00
1.784548067927717696e+01
4.461234767961006042e+01
0.000000000000000000e+00
2.894895153106631014e+01
1.595727862149938447e+00
2.316688231467669112e+01
8.668883669470163866e+00
7.350493385618303011e-01
5.427488584654920345e-01
1.364468241625719358e+01
0.000000000000000000e+00
0.000000000000000000e+00
2.667525664191527035e+00
9.569938513276560199e-01
5.130649669534443014e+00
4.941848143297750795e+00
2.697990531168925177e+00
9.691169572648886121e-03
4.726336298105216827e+00
1.193710209611115701e-02
6.412164148537357056e-01
9.671090357055847520e+00
1.741485985862081165e+01
0.000000000000000000e+00
0.000000000000000000e+00
4.752107080387998894e-01
4.006718471647365519e-03
7.159395014574364557e-01
7.930646504232504723e-01
5.143385328086165220e-01
3.679795004041647721e-01
5.485783061990298082e-01
5.773028716857380171e-01
1.640956890110280675e+00
1.071655397959563549e+00
0.000000000000000000e+00
0.000000000000000000e+00
0.000000000000000000e+00
8.258862783756548254e+00
3.925057219866797009e+00
7.364975067120008489e+00
7.090521749508621463e-01
4.676562505656902680e+00
3.614217850381536756e+00
1.683150984518065130e+01
1.603085416461898660e+01
4.112891731948747909e-01
0.000000000000000000e+00
1.073616813779558976e+00
0.000000000000000000e+00
0.000000000000000000e+00
0.000000000000000000e+00
1.000376272507322195e+00
5.151673048795626819e+00
4.581697195337408601e-01
1.718884338490503438e+01
1.207460619467438212e+00
1.108316693410625886e+00
1.045886818525897377e+00
8.219067789655758460e-01
4.804612184537194741e-01
1.765548134678234238e-01
0.000000000000000000e+00
0.000000000000000000e+00
0.000000000000000000e+00
0.000000000000000000e+00
0.000000000000000000e+00
6.044511803405667738e-01
0.000000000000000000e+00
4.342567054635899204e+00
0.000000000000000000e+00
2.571755430287185340e-01
0.000000000000000000e+00
3.943208476519566741e+00
2.776954191065015731e+00
0.000000000000000000e+00
2.874197511083187440e+00
1.470247547950658706e+00
8.702114578128821165e-01
5.186177638685448343e+00
0.000000000000000000e+00
4.589712720787053968e+01
7.389022715118733764e+00
4.413350110131380788e+00
4.982758134348915791e-01
6.165401813462686453e-01
6.889390889715656385e-01
7.229560602207646403e-01
4.006718471647365519e-03
5.484980322027189770e-01
5.770390832261022007e-01
5.449740626790355869e-01
3.197481600549580971e-01
1.663368106743507546e+00
0.000000000000000000e+00
4.527536121744177855e+00
1.047261535015253930e-01
